535 536 575
478 535 536
536 537 576
478 536 479
574 575 615
535 574 573
573 572 612
573 613 612
535 574 575
575 576 616
574 573 614
614 615 674
573 614 613
613 612 671
613 672 671
574 614 615
615 616 675
614 613 673
673 674 733
613 673 672
672 671 730
672 731 730
614 673 674
674 675 734
673 672 732
732 733 813
672 732 731
731 730 810
731 811 810
673 732 733
733 734 814
732 731 812
732 812 813
536 479 537
537 538 577
479 537 480
536 575 576
576 577 617
575 615 616
616 617 676
615 674 675
675 676 735
674 733 734
734 735 815
733 813 814
537 480 538
538 539 578
480 538 481
537 576 577
577 578 618
576 616 617
617 618 677
616 675 676
676 677 736
675 734 735
735 736 816
734 814 815
538 481 539
539 540 579
481 539 482
539 482 540
540 541 580
482 540 483
538 577 578
578 579 619
539 578 579
579 580 620
577 617 618
618 619 678
578 618 619
619 620 679
617 676 677
677 678 737
618 677 678
678 679 738
676 735 736
736 737 817
677 736 737
737 738 818
735 815 816
736 816 817
540 483 541
483 541 484
484 485 542
543 544 583
540 579 580
580 581 621
579 619 620
582 583 623
582 581 542
622 623 682
619 678 679
679 680 739
681 682 741
681 680 621
678 737 738
740 741 821
737 817 818
820 819 739
543 486 544
486 544 487
543 582 583
582 622 623
623 624 683
622 681 682
682 683 742
681 740 741
741 742 822
740 820 821
544 583 545
544 487 545
583 623 624
583 545 624
623 682 683
682 741 742
741 821 822
547 548 627
547 490 548
548 549 628
490 548 491
626 627 686
626 625 546
547 626 627
627 628 687
685 686 745
685 684 625
626 685 686
686 687 746
744 745 825
744 743 684
685 744 745
745 746 826
824 823 743
744 824 825
548 491 549
549 550 629
491 549 492
549 492 550
550 551 630
492 550 493
548 627 628
628 629 688
549 628 629
629 630 689
627 686 687
687 688 747
628 687 688
688 689 748
686 745 746
746 747 827
687 746 747
747 748 828
745 825 826
746 826 827
550 493 551
551 552 631
493 551 494
551 494 552
552 553 632
494 552 495
550 629 630
630 631 690
551 630 631
631 632 691
629 688 689
689 690 749
630 689 690
690 691 750
688 747 748
748 749 829
689 748 749
749 750 830
747 827 828
748 828 829
552 495 553
553 554 633
495 553 496
553 496 554
554 555 634
496 554 497
552 631 632
632 633 692
553 632 633
633 634 693
631 690 691
691 692 751
632 691 692
692 693 752
690 749 750
750 751 831
691 750 751
751 752 832
749 829 830
750 830 831
554 497 555
555 556 635
497 555 498
555 498 556
556 557 636
498 556 499
554 633 634
634 635 694
555 634 635
635 636 695
633 692 693
693 694 753
634 693 694
694 695 754
692 751 752
752 753 833
693 752 753
753 754 834
751 831 832
752 832 833
556 499 557
557 558 637
499 557 500
557 500 558
558 559 638
500 558 501
556 635 636
636 637 696
557 636 637
637 638 697
635 694 695
695 696 755
636 695 696
696 697 756
694 753 754
754 755 835
695 754 755
755 756 836
753 833 834
754 834 835
558 501 559
559 560 639
501 559 502
559 502 560
560 561 640
502 560 503
558 637 638
638 639 698
559 638 639
639 640 699
637 696 697
697 698 757
638 697 698
698 699 758
696 755 756
756 757 837
697 756 757
757 758 838
560 503 561
561 562 641
503 561 504
561 504 562
560 639 640
640 641 700
639 698 699
699 700 759
698 757 758
758 759 839
561 640 641
641 642 701
562 641 642
640 699 700
700 701 760
699 758 759
759 760 840
641 700 701
700 759 760
755 835 836
756 836 837
757 837 838
758 838 839
731 812 811
759 839 840
562 642 506
543 486 485
547 490 489
478 535 477
535 573 477
742 822 823
487 545 488
489 488 546
504 562 505
562 506 505
683 742 743
742 823 743
744 824 743
624 683 684
683 743 684
685 744 684
545 624 625
624 684 625
626 685 625
545 625 546
547 489 546
547 626 546
545 488 546
541 580 581
582 622 581
620 679 680
681 740 680
738 818 819
679 738 739
738 819 739
740 680 739
740 820 739
580 620 621
620 680 621
622 581 621
622 681 621
541 581 542
541 484 542
543 485 542
543 582 542
477 476 534
573 477 534
476 534 533
573 534 572
476 533 475
533 475 532
534 533 571
534 572 571
533 571 570
572 571 611
572 612 611
571 611 610
612 611 670
612 671 670
611 670 669
671 670 729
671 730 729
670 729 728
730 729 809
730 810 809
729 809 808
475 532 474
532 474 531
533 532 570
532 570 569
571 570 610
570 610 609
611 610 669
610 669 668
670 669 728
669 728 727
729 728 808
728 808 807
474 531 473
531 473 530
532 531 569
531 569 568
570 569 609
569 609 608
610 609 668
609 668 667
669 668 727
668 727 726
728 727 807
727 807 806
473 530 472
530 472 529
531 530 568
472 529 471
529 471 528
530 529 567
530 568 567
569 568 608
529 567 566
568 567 607
568 608 607
609 608 667
567 607 606
608 607 666
608 667 666
668 667 726
607 666 665
667 666 725
667 726 725
727 726 806
666 725 724
726 725 805
726 806 805
725 805 804
471 528 470
528 470 527
529 528 566
526 468 525
526 564 527
526 468 469
528 566 565
567 566 606
566 606 605
607 606 665
526 564 563
564 604 565
564 604 603
604 663 605
606 665 664
666 665 724
604 663 662
663 722 664
665 724 723
725 724 804
663 722 721
722 802 723
724 804 803
722 802 801
468 525 467
525 467 524
526 525 563
525 563 524
564 563 603
563 524 602
563 603 602
604 603 662
603 662 661
663 662 721
662 721 720
722 721 801
721 801 800
467 524 466
524 466 523
524 602 601
603 602 661
602 661 660
662 661 720
661 720 719
721 720 800
720 800 799
522 464 521
522 600 523
522 464 465
464 521 463
521 463 520
522 521 599
522 600 599
600 659 601
521 599 598
600 599 658
600 659 658
659 718 660
599 658 657
659 658 717
659 718 717
718 798 719
658 717 716
718 717 797
718 798 797
717 797 796
463 520 462
520 462 519
521 520 598
462 519 461
519 461 518
520 519 597
520 598 597
599 598 657
519 597 596
598 597 656
598 657 656
658 657 716
597 656 655
657 656 715
657 716 715
717 716 796
656 715 714
716 715 795
716 796 795
715 795 794
461 518 460
518 460 517
519 518 596
460 517 459
517 459 516
518 517 595
518 596 595
597 596 655
517 595 594
596 595 654
596 655 654
656 655 714
595 654 653
655 654 713
655 714 713
715 714 794
654 713 712
714 713 793
714 794 793
713 793 792
459 516 458
516 458 515
517 516 594
458 515 457
515 457 514
516 515 593
516 594 593
595 594 653
515 593 592
594 593 652
594 653 652
654 653 712
593 652 651
653 652 711
653 712 711
713 712 792
652 711 710
712 711 791
712 792 791
711 791 790
457 514 456
514 456 513
515 514 592
456 513 455
513 455 512
514 513 591
514 592 591
593 592 651
513 591 590
592 591 650
592 651 650
652 651 710
591 650 649
651 650 709
651 710 709
711 710 790
650 709 708
710 709 789
710 790 789
709 789 788
455 512 454
512 454 511
513 512 590
454 511 453
511 453 510
512 511 589
512 590 589
591 590 649
511 589 588
590 589 648
590 649 648
650 649 708
589 648 647
649 648 707
649 708 707
709 708 788
648 707 706
708 707 787
708 788 787
707 787 786
453 510 452
510 452 509
511 510 588
452 509 451
509 451 508
510 509 587
510 588 587
589 588 647
509 587 586
588 587 646
588 647 646
648 647 706
587 646 645
647 646 705
647 706 705
707 706 786
646 705 704
706 705 785
451 508 450
508 450 507
509 508 586
450 507 449
508 507 585
508 586 585
587 586 645
586 645 644
646 645 704
645 704 703
705 704 784
507 585 584
586 585 644
507 584 448
585 584 643
585 644 643
645 644 703
644 703 702
704 703 783
644 643 702
703 702 782
706 786 785
705 785 784
704 784 783
703 783 782
507 448 449
526 469 527
470 469 527
522 465 523
465 466 523
720 799 719
798 799 719
661 719 660
718 719 660
602 660 601
659 660 601
524 601 523
600 601 523
528 565 527
604 565 605
566 565 605
564 565 527
606 664 605
722 664 723
665 664 723
663 664 605
724 803 723
802 803 723
33 34 58
33 57 58
80 81 106
57 80 81
57 58 81
81 82 107
58 81 82
80 105 106
106 107 141
138 139 177
105 138 139
105 106 139
139 140 178
106 139 140
140 141 179
81 106 107
106 140 141
138 176 177
177 178 225
222 223 279
176 222 223
176 177 223
223 224 280
177 223 224
224 225 281
139 177 178
178 179 226
177 224 225
225 226 282
278 279 321
222 278 279
279 280 322
320 321 363
278 320 321
321 322 364
362 363 404
320 362 363
363 364 405
223 279 280
280 281 323
279 321 322
322 323 365
321 363 364
364 365 406
403 404 427
362 403 404
404 405 428
426 427 447
403 426 427
426 446 447
446 447 486
363 404 405
404 427 428
427 447 428
447 486 487
447 428 487
224 280 281
281 282 324
280 322 323
323 324 366
322 364 365
365 366 407
364 405 406
405 428 406
140 178 179
178 225 226
225 281 282
281 323 324
323 365 366
446 486 485
33 34 4
34 4 5
428 487 488
428 406 488
406 489 488
365 406 407
406 489 407
29 28 2
29 28 52
28 2 1
29 53 52
53 52 73
53 74 73
52 73 72
74 73 98
73 72 97
74 99 98
99 98 127
73 98 97
99 128 127
98 127 126
128 127 165
98 126 125
127 126 164
98 97 125
126 125 163
128 166 165
166 165 209
127 165 164
166 210 209
165 209 208
210 209 261
165 208 207
209 208 260
126 164 163
165 164 207
164 207 206
208 207 259
210 262 261
209 261 260
262 261 303
262 304 303
261 303 302
304 303 345
304 346 345
303 345 344
346 345 386
208 260 259
261 260 302
260 302 301
303 302 344
302 344 343
345 344 385
346 387 386
345 386 385
387 386 409
387 410 409
386 409 408
410 409 429
410 430 429
430 429 468
430 468 469
409 429 408
429 408 467
429 468 467
344 385 384
386 385 408
385 408 384
408 384 466
408 467 466
207 259 258
260 259 301
259 301 300
302 301 343
301 343 342
344 343 384
343 384 383
384 465 466
164 163 206
207 206 258
259 258 300
301 300 342
343 342 383
384 465 383
895 896 958
895 894 811
894 811 893
894 893 955
894 956 955
895 812 896
896 897 959
812 896 813
895 894 957
957 958 1021
894 957 956
956 955 1018
956 1019 1018
957 956 1020
1020 1021 1085
956 1020 1019
1019 1018 1082
1019 1083 1082
895 957 958
958 959 1022
957 1020 1021
1021 1022 1086
1020 1019 1084
1084 1085 1149
1019 1084 1083
1083 1082 1146
1083 1147 1146
1020 1084 1085
1085 1086 1150
1084 1083 1148
1148 1149 1213
1083 1148 1147
1147 1146 1210
1147 1211 1210
1084 1148 1149
1149 1150 1214
1148 1147 1212
1212 1213 1279
1147 1212 1211
1211 1210 1276
1211 1277 1276
1148 1212 1213
1213 1214 1280
1212 1211 1278
1278 1279 1343
1211 1278 1277
1277 1276 1340
1277 1341 1340
1212 1278 1279
1279 1280 1344
1278 1277 1342
1342 1343 1415
1277 1342 1341
1341 1340 1412
1341 1413 1412
1278 1342 1343
1343 1344 1416
1342 1341 1414
1414 1415 1488
1341 1414 1413
1413 1412 1485
1413 1486 1485
1342 1414 1415
1415 1416 1489
896 813 897
897 898 960
813 897 814
896 958 959
959 960 1023
958 1021 1022
1022 1023 1087
1021 1085 1086
1086 1087 1151
1085 1149 1150
1150 1151 1215
1149 1213 1214
1214 1215 1281
1213 1279 1280
1280 1281 1345
1279 1343 1344
1344 1345 1417
1343 1415 1416
1416 1417 1490
897 814 898
898 899 961
814 898 815
897 959 960
960 961 1024
959 1022 1023
1023 1024 1088
1022 1086 1087
1087 1088 1152
1086 1150 1151
1151 1152 1216
1150 1214 1215
1215 1216 1282
1214 1280 1281
1281 1282 1346
1280 1344 1345
1345 1346 1418
1344 1416 1417
1417 1418 1491
898 815 899
899 900 962
815 899 816
899 816 900
900 901 963
816 900 817
898 960 961
961 962 1025
960 1023 1024
1024 1025 1089
899 961 962
962 963 1026
961 1024 1025
1025 1026 1090
1023 1087 1088
1088 1089 1153
1024 1088 1089
1089 1090 1154
1087 1151 1152
1152 1153 1217
1088 1152 1153
1153 1154 1218
1151 1215 1216
1216 1217 1283
1152 1216 1217
1217 1218 1284
1215 1281 1282
1282 1283 1347
1216 1282 1283
1283 1284 1348
1281 1345 1346
1346 1347 1419
1282 1346 1347
1347 1348 1420
1345 1417 1418
1418 1419 1492
1346 1418 1419
1419 1420 1493
900 817 901
901 902 964
817 901 818
818 819 902
903 904 966
900 962 963
962 1025 1026
1026 1027 1091
965 966 1029
1028 1029 1093
1028 1027 964
1025 1089 1090
1092 1093 1157
1089 1153 1154
1156 1157 1221
1156 1155 1091
1153 1217 1218
1218 1219 1285
1220 1221 1287
1220 1219 1155
1217 1283 1284
1286 1287 1350
1283 1347 1348
1348 1349 1421
1349 1350 1422
1347 1419 1420
1420 1421 1494
1348 1420 1421
1421 1422 1495
903 820 904
904 905 967
820 904 821
903 965 966
966 967 1030
965 1028 1029
1029 1030 1094
1028 1092 1093
1093 1094 1158
1092 1156 1157
1157 1158 1222
1156 1220 1221
1221 1222 1288
1220 1286 1287
1287 1288 1351
1286 1349 1350
1350 1351 1423
1349 1421 1422
1422 1423 1496
904 821 905
821 905 822
822 823 906
904 966 967
966 1029 1030
1029 1093 1094
1093 1157 1158
1157 1221 1222
1221 1287 1288
1288 1289 1352
1287 1350 1351
1351 1352 1424
1350 1422 1423
1423 1424 1497
907 908 970
907 824 908
908 909 971
824 908 825
969 970 1033
969 968 906
1032 1033 1097
1032 1031 968
907 969 970
970 971 1034
969 1032 1033
1033 1034 1098
1096 1097 1161
1096 1095 1031
1032 1096 1097
1097 1098 1162
1160 1161 1225
1160 1159 1095
1096 1160 1161
1161 1162 1226
1224 1225 1291
1224 1223 1159
1160 1224 1225
1225 1226 1292
1290 1291 1354
1290 1289 1223
1224 1290 1291
1291 1292 1355
1353 1354 1426
1290 1353 1354
1354 1355 1427
1425 1426 1499
1353 1425 1426
1426 1427 1500
1414 1413 1487
1487 1488 1548
1413 1487 1486
1486 1485 1545
1486 1546 1545
1487 1486 1547
1547 1548 1609
1486 1547 1546
1546 1545 1606
1546 1607 1606
1414 1487 1488
1488 1489 1549
1487 1547 1548
1548 1549 1610
1547 1546 1608
1608 1609 1677
1546 1608 1607
1607 1606 1674
1607 1675 1674
1547 1608 1609
1609 1610 1678
1608 1607 1676
1676 1677 1773
1607 1676 1675
1675 1674 1770
1675 1771 1770
1608 1676 1677
1677 1678 1774
1676 1675 1772
1772 1773 1874
1675 1772 1771
1771 1770 1871
1771 1872 1871
1772 1771 1873
1873 1874 1968
1771 1873 1872
1872 1871 1965
1872 1966 1965
1676 1772 1773
1773 1774 1875
1772 1873 1874
1874 1875 1969
1873 1872 1967
1967 1968 2060
1872 1967 1966
1966 1965 2057
1966 2058 2057
1967 1966 2059
2059 2060 2125
1966 2059 2058
2058 2057 2122
2058 2123 2122
1873 1967 1968
1968 1969 2061
1967 2059 2060
2060 2061 2126
2059 2058 2124
2124 2125 2188
2058 2124 2123
2123 2122 2185
2123 2186 2185
2124 2123 2187
2187 2188 2248
2123 2187 2186
2186 2185 2245
2186 2246 2245
2059 2124 2125
2125 2126 2189
2124 2187 2188
2188 2189 2249
1415 1488 1489
1489 1490 1550
1488 1548 1549
1549 1550 1611
1548 1609 1610
1610 1611 1679
1609 1677 1678
1678 1679 1775
1677 1773 1774
1774 1775 1876
1773 1874 1875
1875 1876 1970
1416 1489 1490
1490 1491 1551
1489 1549 1550
1550 1551 1612
1549 1610 1611
1611 1612 1680
1610 1678 1679
1417 1490 1491
1491 1492 1552
1490 1550 1551
1551 1552 1613
1418 1491 1492
1492 1493 1553
1491 1551 1552
1552 1553 1614
1550 1611 1612
1612 1613 1681
1551 1612 1613
1613 1614 1682
1611 1679 1680
1680 1681 1729
1612 1680 1681
1681 1682 1730
1678 1774 1775
1774 1875 1876
1876 1877 1971
1776 1777 1818
1679 1775 1728
1679 1680 1728
1775 1776 1728
1728 1729 1777
1680 1728 1729
1729 1730 1778
1776 1728 1777
1777 1778 1819
1775 1876 1817
1876 1877 1817
1775 1776 1817
1817 1818 1878
1776 1817 1818
1818 1819 1879
1877 1817 1878
1878 1879 1927
1874 1968 1969
1969 1970 2062
1968 2060 2061
2061 2062 2127
1875 1969 1970
1876 1970 1971
1972 1973 2008
1877 1971 1926
1877 1878 1926
1971 1972 1926
1926 1927 1973
1969 2061 2062
1970 1971 2062
2062 2063 2128
1971 2062 2007
1971 1972 2007
2062 2063 2007
2007 2008 2064
2060 2125 2126
2126 2127 2190
2125 2188 2189
2189 2190 2250
2061 2126 2127
2127 2128 2191
2062 2127 2128
2128 2129 2192
2126 2189 2190
2190 2191 2251
2127 2190 2191
2191 2192 2252
1419 1492 1493
1493 1494 1554
1492 1552 1553
1553 1554 1615
1420 1493 1494
1494 1495 1555
1493 1553 1554
1554 1555 1616
1552 1613 1614
1614 1615 1683
1553 1614 1615
1615 1616 1684
1613 1681 1682
1682 1683 1731
1614 1682 1683
1683 1684 1732
1421 1494 1495
1495 1496 1556
1494 1554 1555
1555 1556 1617
1554 1615 1616
1616 1617 1685
1615 1683 1684
1684 1685 1733
1681 1729 1730
1730 1731 1779
1729 1777 1778
1778 1779 1820
1682 1730 1731
1731 1732 1780
1730 1778 1779
1779 1780 1821
1777 1818 1819
1819 1820 1880
1818 1878 1879
1879 1880 1928
1778 1819 1820
1820 1821 1881
1819 1879 1880
1880 1881 1929
1683 1731 1732
1732 1733 1781
1731 1779 1780
1780 1781 1822
1779 1820 1821
1821 1822 1882
1820 1880 1881
1881 1882 1930
1422 1495 1496
1496 1497 1557
1495 1555 1556
1555 1616 1617
1617 1618 1686
1616 1684 1685
1685 1686 1734
1684 1732 1733
1733 1734 1782
1732 1780 1781
1781 1782 1823
1780 1821 1822
1822 1823 1883
1821 1881 1882
1882 1883 1931
1878 1926 1927
1927 1928 1974
1972 1926 1973
1973 1974 2009
1879 1927 1928
1928 1929 1975
1927 1973 1974
1974 1975 2010
1880 1928 1929
1929 1930 1976
1928 1974 1975
1975 1976 2011
1881 1929 1930
1930 1931 1977
1929 1975 1976
1976 1977 2012
1972 2007 2008
2008 2009 2065
2063 2128 2064
2063 2007 2064
1973 2008 2009
2009 2010 2066
2008 2064 2065
2065 2066 2130
1974 2009 2010
2010 2011 2067
2009 2065 2066
2066 2067 2131
1975 2010 2011
2011 2012 2068
2010 2066 2067
2067 2068 2132
2128 2064 2129
2064 2065 2129
2129 2130 2193
2065 2129 2130
2130 2131 2194
2066 2130 2131
2131 2132 2195
2128 2191 2192
2192 2193 2253
2129 2192 2193
2193 2194 2254
2130 2193 2194
2194 2195 2255
1498 1499 1559
1558 1559 1619
1425 1498 1499
1499 1500 1560
1498 1558 1559
1559 1560 1620
1618 1619 1687
1558 1618 1619
1619 1620 1688
1617 1685 1686
1686 1687 1735
1618 1686 1687
1687 1688 1736
1685 1733 1734
1734 1735 1783
1733 1781 1782
1782 1783 1824
1686 1734 1735
1735 1736 1784
1734 1782 1783
1783 1784 1825
1781 1822 1823
1823 1824 1884
1822 1882 1883
1883 1884 1932
1782 1823 1824
1824 1825 1885
1823 1883 1884
1884 1885 1933
1882 1930 1931
1931 1932 1978
1930 1976 1977
1977 1978 2013
1883 1931 1932
1932 1933 1979
1931 1977 1978
1978 1979 2014
1976 2011 2012
2012 2013 2069
2011 2067 2068
2068 2069 2133
1977 2012 2013
2013 2014 2070
2012 2068 2069
2069 2070 2134
2067 2131 2132
2132 2133 2196
2068 2132 2133
2133 2134 2197
2131 2194 2195
2195 2196 2256
2132 2195 2196
2187 2186 2247
2247 2248 2302
2186 2247 2246
2246 2245 2299
2246 2300 2299
2247 2246 2301
2301 2302 2396
2246 2301 2300
2300 2299 2393
2300 2394 2393
2187 2247 2248
2248 2249 2303
2247 2301 2302
2302 2303 2397
2188 2248 2249
2249 2250 2304
2248 2302 2303
2189 2249 2250
2250 2251 2305
2190 2250 2251
2251 2252 2306
2249 2303 2304
2250 2304 2305
2301 2300 2395
2395 2396 2486
2300 2395 2394
2394 2393 2483
2394 2484 2483
2301 2395 2396
2396 2397 2487
2302 2396 2397
2303 2304 2397
2397 2398 2488
2304 2397 2398
2304 2305 2398
2398 2399 2489
2191 2251 2252
2252 2253 2307
2192 2252 2253
2253 2254 2308
2251 2305 2306
2305 2398 2306
2252 2306 2307
2307 2308 2400
2193 2253 2254
2254 2255 2309
2253 2307 2308
2308 2309 2401
2398 2306 2399
2306 2307 2399
2399 2400 2490
2307 2399 2400
2400 2401 2491
2194 2254 2255
2255 2256 2310
2254 2308 2309
2309 2310 2402
2195 2255 2256
2255 2309 2310
2310 2311 2403
2308 2400 2401
2401 2402 2492
2309 2401 2402
2402 2403 2493
2395 2394 2485
2485 2486 2577
2394 2485 2484
2484 2483 2574
2484 2575 2574
2395 2485 2486
2486 2487 2578
2396 2486 2487
2487 2488 2579
2397 2487 2488
2488 2489 2580
2485 2484 2576
2576 2577 2669
2484 2576 2575
2575 2574 2666
2575 2667 2666
2485 2576 2577
2577 2578 2670
2486 2577 2578
2578 2579 2671
2487 2578 2579
2579 2580 2672
2398 2488 2489
2489 2490 2581
2399 2489 2490
2490 2491 2582
2488 2579 2580
2580 2581 2673
2489 2580 2581
2581 2582 2674
2400 2490 2491
2491 2492 2583
2401 2491 2492
2492 2493 2584
2490 2581 2582
2582 2583 2675
2491 2582 2583
2583 2584 2676
908 825 909
909 910 972
825 909 826
909 826 910
910 911 973
826 910 827
908 970 971
971 972 1035
970 1033 1034
1034 1035 1099
909 971 972
972 973 1036
971 1034 1035
1035 1036 1100
1033 1097 1098
1098 1099 1163
1097 1161 1162
1162 1163 1227
1034 1098 1099
1099 1100 1164
1098 1162 1163
1163 1164 1228
1161 1225 1226
1226 1227 1293
1225 1291 1292
1292 1293 1356
1162 1226 1227
1227 1228 1294
1226 1292 1293
1293 1294 1357
1291 1354 1355
1355 1356 1428
1354 1426 1427
1427 1428 1501
1292 1355 1356
1356 1357 1429
1355 1427 1428
1428 1429 1502
910 827 911
911 912 974
827 911 828
911 828 912
912 913 975
828 912 829
910 972 973
973 974 1037
972 1035 1036
1036 1037 1101
911 973 974
974 975 1038
973 1036 1037
1037 1038 1102
1035 1099 1100
1100 1101 1165
1036 1100 1101
1101 1102 1166
1099 1163 1164
1164 1165 1229
1100 1164 1165
1165 1166 1230
1163 1227 1228
1228 1229 1295
1164 1228 1229
1229 1230 1296
1227 1293 1294
1294 1295 1358
1228 1294 1295
1295 1296 1359
1293 1356 1357
1357 1358 1430
1294 1357 1358
1358 1359 1431
1356 1428 1429
1429 1430 1503
1357 1429 1430
1430 1431 1504
912 829 913
913 914 976
829 913 830
913 830 914
914 915 977
830 914 831
912 974 975
975 976 1039
974 1037 1038
1038 1039 1103
913 975 976
976 977 1040
975 1038 1039
1039 1040 1104
1037 1101 1102
1102 1103 1167
1038 1102 1103
1103 1104 1168
1101 1165 1166
1166 1167 1231
1102 1166 1167
1167 1168 1232
1165 1229 1230
1230 1231 1297
1166 1230 1231
1231 1232 1298
1229 1295 1296
1296 1297 1360
1230 1296 1297
1297 1298 1361
1295 1358 1359
1359 1360 1432
1296 1359 1360
1360 1361 1433
1358 1430 1431
1431 1432 1505
1359 1431 1432
1432 1433 1506
914 831 915
915 916 978
831 915 832
915 832 916
916 917 979
832 916 833
914 976 977
977 978 1041
976 1039 1040
1040 1041 1105
915 977 978
978 979 1042
977 1040 1041
1041 1042 1106
1039 1103 1104
1104 1105 1169
1040 1104 1105
1105 1106 1170
1103 1167 1168
1168 1169 1233
1104 1168 1169
1169 1170 1234
1167 1231 1232
1232 1233 1299
1168 1232 1233
1233 1234 1300
1231 1297 1298
1298 1299 1362
1232 1298 1299
1299 1300 1363
1297 1360 1361
1361 1362 1434
1298 1361 1362
1362 1363 1435
1360 1432 1433
1433 1434 1507
1361 1433 1434
1434 1435 1508
916 833 917
917 918 980
833 917 834
917 834 918
918 919 981
834 918 835
916 978 979
979 980 1043
978 1041 1042
1042 1043 1107
917 979 980
980 981 1044
979 1042 1043
1043 1044 1108
1041 1105 1106
1106 1107 1171
1105 1169 1170
1170 1171 1235
1042 1106 1107
1107 1108 1172
1106 1170 1171
1171 1172 1236
1169 1233 1234
1234 1235 1301
1233 1299 1300
1300 1301 1364
1170 1234 1235
1235 1236 1302
1234 1300 1301
1301 1302 1365
1299 1362 1363
1363 1364 1436
1362 1434 1435
1435 1436 1509
1300 1363 1364
1364 1365 1437
1363 1435 1436
1436 1437 1510
918 835 919
919 920 982
835 919 836
919 836 920
920 921 983
836 920 837
918 980 981
981 982 1045
980 1043 1044
1044 1045 1109
919 981 982
982 983 1046
981 1044 1045
1045 1046 1110
1043 1107 1108
1108 1109 1173
1107 1171 1172
1172 1173 1237
1044 1108 1109
1109 1110 1174
1108 1172 1173
1173 1174 1238
1171 1235 1236
1236 1237 1303
1235 1301 1302
1302 1303 1366
1172 1236 1237
1237 1238 1304
1236 1302 1303
1303 1304 1367
1301 1364 1365
1365 1366 1438
1364 1436 1437
1437 1438 1511
1302 1365 1366
1366 1367 1439
1365 1437 1438
1438 1439 1512
920 837 921
921 922 984
837 921 838
920 982 983
983 984 1047
982 1045 1046
1046 1047 1111
1045 1109 1110
1110 1111 1175
1109 1173 1174
1174 1175 1239
921 838 922
838 922 839
839 840 923
921 983 984
984 985 1048
983 1046 1047
1047 1048 1112
1046 1110 1111
1111 1112 1176
1110 1174 1175
984 1047 1048
924 985 925
924 841 925
925 926 1050
841 925 842
925 842 926
842 926 843
985 1048 1049
985 925 1049
925 1049 1050
1047 1111 1112
1048 1049 1112
1112 1113 1177
1111 1175 1176
1049 1112 1113
1049 1050 1113
1112 1176 1177
1173 1237 1238
1238 1239 1305
1237 1303 1304
1174 1238 1239
1175 1176 1239
1239 1240 1306
1238 1304 1305
1176 1239 1240
1176 1177 1240
1240 1241 1307
1239 1305 1306
926 1050 1051
1050 1113 1051
1051 1052 1179
926 1051 844
926 843 844
1051 844 1052
844 1052 845
1113 1177 1178
1177 1240 1178
1113 1051 1178
1051 1178 1179
1052 1179 1180
1052 1180 846
1052 845 846
1240 1178 1241
1178 1179 1241
1179 1180 1241
1240 1306 1307
1180 1241 1308
1241 1307 1308
1180 1308 1309
1309 1310 1443
1180 1309 847
1180 846 847
1303 1366 1367
1304 1305 1367
1367 1368 1440
1305 1367 1368
1305 1306 1368
1306 1307 1368
1368 1369 1441
1366 1438 1439
1439 1440 1513
1367 1439 1440
1440 1441 1514
1307 1368 1369
1307 1308 1369
1308 1309 1369
1368 1440 1441
1441 1442 1515
1309 1369 1442
1369 1441 1442
1309 847 1310
1310 1311 1444
847 1310 848
1310 848 1311
1311 1312 1445
848 1311 849
1311 849 1312
849 1312 850
1309 1442 1443
1310 1443 1444
1311 1444 1445
1445 1446 1636
1312 1445 1446
1446 1447 1637
1312 1446 851
1312 850 851
1446 851 1447
851 1447 852
1426 1499 1500
1500 1501 1561
1499 1559 1560
1560 1561 1621
1427 1500 1501
1501 1502 1562
1500 1560 1561
1561 1562 1622
1559 1619 1620
1620 1621 1689
1560 1620 1621
1621 1622 1690
1619 1687 1688
1688 1689 1737
1620 1688 1689
1689 1690 1738
1687 1735 1736
1736 1737 1785
1735 1783 1784
1784 1785 1826
1688 1736 1737
1737 1738 1786
1736 1784 1785
1785 1786 1827
1783 1824 1825
1825 1826 1886
1824 1884 1885
1885 1886 1934
1784 1825 1826
1826 1827 1887
1825 1885 1886
1886 1887 1935
1884 1932 1933
1933 1934 1980
1932 1978 1979
1979 1980 2015
1885 1933 1934
1934 1935 1981
1933 1979 1980
1980 1981 2016
1978 2013 2014
2014 2015 2071
2013 2069 2070
2070 2071 2135
1979 2014 2015
2015 2016 2072
2014 2070 2071
2071 2072 2136
2069 2133 2134
2134 2135 2198
2133 2196 2197
2196 2256 2197
2197 2198 2312
2070 2134 2135
2135 2136 2199
2134 2197 2198
2198 2199 2313
1428 1501 1502
1502 1503 1563
1501 1561 1562
1562 1563 1623
1561 1621 1622
1621 1689 1690
1690 1691 1739
1429 1502 1503
1503 1504 1564
1502 1562 1563
1563 1564 1624
1562 1622 1623
1622 1690 1691
1622 1623 1691
1691 1692 1740
1623 1691 1692
1692 1693 1741
1689 1737 1738
1738 1739 1787
1737 1785 1786
1786 1787 1828
1785 1826 1827
1827 1828 1888
1826 1886 1887
1887 1888 1936
1690 1738 1739
1739 1740 1788
1691 1739 1740
1740 1741 1789
1738 1786 1787
1787 1788 1829
1739 1787 1788
1788 1789 1830
1786 1827 1828
1828 1829 1889
1787 1828 1829
1829 1830 1890
1827 1887 1888
1888 1889 1937
1828 1888 1889
1889 1890 1938
1430 1503 1504
1504 1505 1565
1503 1563 1564
1564 1565 1625
1563 1623 1624
1624 1625 1695
1623 1692 1693
1623 1624 1693
1693 1694 1742
1624 1693 1694
1431 1504 1505
1505 1506 1566
1504 1564 1565
1565 1566 1626
1564 1624 1625
1625 1626 1696
1624 1694 1695
1692 1740 1741
1741 1742 1790
1693 1741 1742
1694 1695 1742
1740 1788 1789
1789 1790 1831
1741 1789 1790
1790 1791 1832
1788 1829 1830
1830 1831 1891
1789 1830 1831
1831 1832 1892
1829 1889 1890
1890 1891 1939
1830 1890 1891
1891 1892 1940
1695 1742 1791
1742 1790 1791
1791 1792 1833
1695 1791 1792
1790 1831 1832
1832 1833 1893
1791 1832 1833
1831 1891 1892
1832 1892 1893
1893 1894 1988
1886 1934 1935
1935 1936 1982
1934 1980 1981
1981 1982 2017
1887 1935 1936
1936 1937 1983
1935 1981 1982
1982 1983 2018
1888 1936 1937
1937 1938 1984
1936 1982 1983
1983 1984 2019
1980 2015 2016
2016 2017 2073
2015 2071 2072
1981 2016 2017
2017 2018 2074
2016 2072 2073
1982 2017 2018
2018 2019 2075
2017 2073 2074
2071 2135 2136
2072 2073 2136
2136 2137 2200
2135 2198 2199
2073 2136 2137
2073 2074 2137
2136 2199 2200
1889 1937 1938
1938 1939 1985
1937 1983 1984
1984 1985 2020
1890 1938 1939
1939 1940 1986
1938 1984 1985
1985 1986 2021
1983 2018 2019
2019 2020 2076
2018 2074 2075
2075 2076 2099
1984 2019 2020
2020 2021 2077
2019 2075 2076
2076 2077 2100
2138 2139 2150
2074 2137 2098
2137 2138 2098
2074 2075 2098
2098 2099 2139
2075 2098 2099
2099 2100 2140
2138 2098 2139
2139 2140 2151
2201 2202 2225
2137 2200 2149
2200 2201 2149
2137 2138 2149
2149 2150 2202
2138 2149 2150
2150 2151 2203
2201 2149 2202
2202 2203 2226
1891 1939 1940
1892 1893 1940
1939 1985 1986
1893 1940 1987
1940 1986 1987
1987 1988 2079
1985 2020 2021
1986 1987 2021
2020 2076 2077
1987 2021 2078
2021 2077 2078
2078 2079 2142
2076 2099 2100
2077 2078 2100
2099 2139 2140
2078 2100 2141
2100 2140 2141
2141 2142 2205
2139 2150 2151
2140 2141 2151
2150 2202 2203
2141 2151 2204
2151 2203 2204
2204 2205 2262
2256 2310 2311
2256 2197 2311
2311 2312 2404
2310 2402 2403
2403 2404 2494
2197 2311 2312
2312 2313 2405
2311 2403 2404
2402 2492 2493
2493 2494 2585
2492 2583 2584
2584 2585 2677
2403 2493 2494
2493 2584 2585
2585 2586 2678
2198 2312 2313
2199 2313 2257
2199 2200 2257
2313 2314 2257
2257 2258 2315
2312 2404 2405
2404 2494 2405
2406 2407 2441
2313 2405 2349
2313 2314 2349
2405 2406 2349
2258 2259 2316
2200 2257 2224
2200 2201 2224
2257 2258 2224
2224 2225 2259
2201 2224 2225
2225 2226 2260
2258 2224 2259
2259 2260 2317
2314 2349 2315
2314 2257 2315
2258 2315 2316
2316 2317 2339
2202 2225 2226
2203 2204 2226
2225 2259 2260
2260 2261 2318
2204 2226 2261
2226 2260 2261
2261 2262 2319
2259 2316 2317
2317 2318 2340
2260 2317 2318
2350 2351 2361
2349 2350 2338
2349 2315 2338
2315 2316 2338
2338 2339 2351
2406 2407 2360
2406 2349 2360
2349 2350 2360
2360 2361 2408
2316 2338 2339
2339 2340 2352
2350 2338 2351
2351 2352 2362
2317 2339 2340
2339 2351 2352
2350 2360 2361
2361 2362 2409
2407 2360 2408
2408 2409 2430
2351 2361 2362
2361 2408 2409
2409 2410 2431
2495 2496 2532
2494 2495 2440
2494 2405 2440
2405 2406 2440
2440 2441 2496
2494 2585 2531
2585 2586 2531
2494 2495 2531
2531 2532 2587
2406 2440 2441
2495 2440 2496
2442 2443 2452
2407 2441 2429
2407 2408 2429
2441 2442 2429
2429 2430 2443
2408 2429 2430
2430 2431 2444
2442 2429 2443
2443 2444 2453
2497 2498 2520
2441 2496 2451
2496 2497 2451
2441 2442 2451
2451 2452 2498
2442 2451 2452
2452 2453 2499
2497 2451 2498
2498 2499 2521
2495 2531 2532
2496 2532 2519
2496 2497 2519
2532 2533 2519
2519 2520 2534
2497 2519 2520
2520 2521 2535
2533 2519 2534
2534 2535 2543
2586 2531 2587
2532 2533 2587
2587 2588 2621
2533 2587 2542
2533 2534 2542
2587 2588 2542
2542 2543 2589
1432 1505 1506
1506 1507 1567
1505 1565 1566
1566 1567 1627
1433 1506 1507
1507 1508 1568
1506 1566 1567
1567 1568 1628
1565 1625 1626
1626 1627 1697
1566 1626 1627
1627 1628 1698
1625 1695 1696
1696 1697 1795
1626 1696 1697
1697 1698 1796
1695 1792 1793
1792 1833 1793
1695 1696 1793
1793 1794 1895
1696 1793 1794
1833 1893 1894
1833 1793 1894
1894 1895 1989
1793 1894 1895
1895 1896 1990
1696 1794 1795
1795 1796 1898
1794 1895 1896
1794 1795 1896
1896 1897 1991
1795 1896 1897
1434 1507 1508
1508 1509 1569
1507 1567 1568
1568 1569 1629
1435 1508 1509
1509 1510 1570
1508 1568 1569
1569 1570 1630
1567 1627 1628
1628 1629 1699
1568 1628 1629
1627 1697 1698
1698 1699 1797
1628 1698 1699
1699 1700 1798
1697 1795 1796
1796 1797 1899
1795 1897 1898
1898 1899 2084
1698 1796 1797
1797 1798 1900
1796 1898 1899
1893 1987 1988
1988 1989 2080
1987 2078 2079
2079 2080 2143
1894 1988 1989
1989 1990 2081
1988 2079 2080
2080 2081 2144
2078 2141 2142
2142 2143 2206
2141 2204 2205
2205 2206 2263
2079 2142 2143
2143 2144 2207
2142 2205 2206
2206 2207 2264
1895 1989 1990
1990 1991 2082
1989 2080 2081
2081 2082 2145
1896 1990 1991
1897 1898 1991
1990 2081 2082
2080 2143 2144
2144 2145 2208
2143 2206 2207
2207 2208 2265
2081 2144 2145
2144 2207 2208
1898 1991 2083
1991 2082 2083
2082 2145 2083
2083 2084 2210
2145 2208 2209
2145 2083 2209
2209 2210 2324
1898 2083 2084
2084 2085 2211
2083 2209 2210
2210 2211 2325
1436 1509 1510
1510 1511 1571
1437 1510 1511
1511 1512 1572
1509 1569 1570
1570 1571 1631
1510 1570 1571
1569 1629 1630
1629 1699 1630
1570 1630 1631
1438 1511 1512
1512 1513 1573
1439 1512 1513
1513 1514 1574
1440 1513 1514
1514 1515 1575
1441 1514 1515
1442 1443 1515
1511 1571 1572
1571 1631 1572
1512 1572 1573
1513 1573 1574
1514 1574 1575
1575 1576 1634
1631 1572 1632
1572 1573 1632
1573 1574 1632
1574 1632 1633
1574 1575 1633
1699 1630 1700
1630 1631 1700
1631 1632 1700
1700 1701 1799
1632 1700 1701
1632 1633 1701
1699 1797 1798
1798 1799 1901
1700 1798 1799
1797 1899 1900
1899 2084 1900
1798 1900 1901
1901 1902 2086
1443 1515 1576
1443 1444 1576
1444 1445 1576
1515 1575 1576
1575 1633 1634
1633 1701 1634
1445 1576 1635
1576 1634 1635
1701 1799 1702
1701 1634 1702
1634 1635 1702
1445 1635 1636
1635 1702 1636
1446 1636 1637
1702 1636 1703
1636 1637 1703
1799 1901 1902
1799 1702 1902
1702 1703 1902
1902 1903 2087
2084 1900 2085
1900 1901 2085
2085 2086 2212
2084 2210 2211
2211 2212 2326
1901 2085 2086
2086 2087 2213
2085 2211 2212
2212 2213 2327
2204 2261 2262
2262 2263 2320
2261 2318 2319
2318 2340 2319
2319 2320 2354
2205 2262 2263
2263 2264 2321
2262 2319 2320
2320 2321 2355
2340 2352 2353
2352 2362 2353
2340 2319 2353
2353 2354 2411
2319 2353 2354
2354 2355 2412
2362 2409 2410
2362 2353 2410
2353 2410 2411
2411 2412 2446
2206 2263 2264
2264 2265 2322
2263 2320 2321
2321 2322 2356
2207 2264 2265
2208 2209 2265
2264 2321 2322
2320 2354 2355
2355 2356 2413
2354 2411 2412
2412 2413 2447
2321 2355 2356
2355 2412 2413
2209 2265 2323
2265 2322 2323
2322 2356 2323
2323 2324 2415
2209 2323 2324
2324 2325 2416
2356 2413 2414
2356 2323 2414
2414 2415 2504
2323 2414 2415
2415 2416 2505
2409 2430 2431
2410 2411 2431
2430 2443 2444
2411 2431 2445
2431 2444 2445
2445 2446 2501
2443 2452 2453
2444 2445 2453
2452 2498 2499
2499 2500 2522
2445 2453 2500
2453 2499 2500
2498 2520 2521
2521 2522 2536
2520 2534 2535
2535 2536 2544
2499 2521 2522
2521 2535 2536
2534 2542 2543
2543 2544 2590
2588 2542 2589
2589 2590 2610
2535 2543 2544
2543 2589 2590
2590 2591 2611
2411 2445 2446
2446 2447 2502
2445 2500 2501
2500 2522 2501
2501 2502 2538
2412 2446 2447
2413 2414 2447
2446 2501 2502
2522 2536 2537
2536 2544 2537
2522 2501 2537
2537 2538 2592
2501 2537 2538
2544 2590 2591
2544 2537 2591
2537 2591 2592
2592 2593 2626
2414 2447 2503
2447 2502 2503
2502 2538 2503
2503 2504 2595
2538 2592 2593
2593 2594 2627
2538 2593 2594
2538 2503 2594
2414 2503 2504
2504 2505 2596
2503 2594 2595
2210 2324 2325
2325 2326 2417
2211 2325 2326
2326 2327 2418
2324 2415 2416
2416 2417 2506
2325 2416 2417
2417 2418 2507
2415 2504 2505
2505 2506 2597
2504 2595 2596
2596 2597 2690
2416 2505 2506
2506 2507 2598
2505 2596 2597
2597 2598 2691
1447 1637 1448
1447 852 1448
1448 1449 1705
852 1448 853
1448 853 1449
1449 1450 1706
853 1449 854
1449 854 1450
1450 1451 1707
854 1450 855
1450 855 1451
1451 1452 1708
855 1451 856
1451 856 1452
1452 1453 1709
856 1452 857
1452 857 1453
1453 1454 1710
857 1453 858
1453 858 1454
1454 1455 1711
858 1454 859
1637 1703 1704
1703 1902 1704
1637 1448 1704
1448 1704 1705
1705 1706 1904
1902 1704 1903
1704 1705 1903
1903 1904 2088
1449 1705 1706
1706 1707 1905
1705 1903 1904
1904 1905 2089
1450 1706 1707
1707 1708 1906
1706 1904 1905
1905 1906 2090
1451 1707 1708
1708 1709 1907
1707 1905 1906
1906 1907 2091
1902 2086 2087
2087 2088 2214
2086 2212 2213
2213 2214 2328
1903 2087 2088
2088 2089 2215
2087 2213 2214
2214 2215 2329
1904 2088 2089
2089 2090 2216
1905 2089 2090
2090 2091 2217
2088 2214 2215
2215 2216 2330
2089 2215 2216
2216 2217 2331
2212 2326 2327
2327 2328 2419
2213 2327 2328
2328 2329 2420
2326 2417 2418
2418 2419 2508
2327 2418 2419
2419 2420 2509
2214 2328 2329
2329 2330 2421
2215 2329 2330
2330 2331 2422
2328 2419 2420
2420 2421 2510
2329 2420 2421
2421 2422 2511
2417 2506 2507
2507 2508 2599
2418 2507 2508
2508 2509 2600
2506 2597 2598
2598 2599 2692
2507 2598 2599
2599 2600 2693
2419 2508 2509
2509 2510 2601
2420 2509 2510
2510 2511 2602
2508 2599 2600
2600 2601 2694
2509 2600 2601
2601 2602 2695
1452 1708 1709
1709 1710 1908
1708 1906 1907
1907 1908 2092
1453 1709 1710
1710 1711 1909
1709 1907 1908
1908 1909 2093
1906 2090 2091
2091 2092 2218
2090 2216 2217
2217 2218 2332
1907 2091 2092
2092 2093 2219
2091 2217 2218
2218 2219 2333
2216 2330 2331
2331 2332 2423
2330 2421 2422
2422 2423 2512
2217 2331 2332
2332 2333 2424
2331 2422 2423
2423 2424 2513
2421 2510 2511
2511 2512 2603
2422 2511 2512
2512 2513 2604
2510 2601 2602
2602 2603 2696
2511 2602 2603
2603 2604 2697
1454 859 1455
1455 1456 1712
859 1455 860
1455 860 1456
860 1456 861
1454 1710 1711
1711 1712 1910
1710 1908 1909
1909 1910 2094
1455 1711 1712
1711 1909 1910
1908 2092 2093
2093 2094 2220
2092 2218 2219
2219 2220 2334
1909 2093 2094
2093 2219 2220
2218 2332 2333
2333 2334 2425
2332 2423 2424
2424 2425 2514
2219 2333 2334
2333 2424 2425
2423 2512 2513
2513 2514 2605
2512 2603 2604
2604 2605 2698
2424 2513 2514
2513 2604 2605
2576 2575 2668
2668 2669 2789
2575 2668 2667
2667 2666 2786
2667 2787 2786
2576 2668 2669
2669 2670 2790
2577 2669 2670
2670 2671 2791
2578 2670 2671
2671 2672 2792
2668 2667 2788
2788 2789 2936
2667 2788 2787
2787 2786 2933
2787 2934 2933
2668 2788 2789
2789 2790 2937
2669 2789 2790
2790 2791 2938
2670 2790 2791
2791 2792 2939
2579 2671 2672
2672 2673 2793
2580 2672 2673
2673 2674 2794
2581 2673 2674
2674 2675 2795
2582 2674 2675
2675 2676 2796
2671 2791 2792
2792 2793 2940
2672 2792 2793
2793 2794 2941
2673 2793 2794
2794 2795 2942
2674 2794 2795
2795 2796 2943
2788 2787 2935
2935 2936 3066
2787 2935 2934
2934 2933 3063
2934 3064 3063
2788 2935 2936
2936 2937 3067
2789 2936 2937
2937 2938 3068
2790 2937 2938
2938 2939 3069
2791 2938 2939
2939 2940 3070
2792 2939 2940
2940 2941 3071
2793 2940 2941
2794 2941 2942
2942 2943 3016
2935 2934 3065
3065 3066 3118
2934 3065 3064
3064 3063 3115
3064 3116 3115
2935 3065 3066
3066 3067 3119
2936 3066 3067
3067 3068 3120
2937 3067 3068
3068 3069 3121
2938 3068 3069
3069 3070 3122
2939 3069 3070
3070 3071 3123
2940 3070 3071
3071 3072 3124
3072 3073 3125
2941 3071 3015
2941 2942 3015
3071 3072 3015
3015 3016 3073
2583 2675 2676
2676 2677 2797
2584 2676 2677
2677 2678 2798
2675 2795 2796
2796 2797 2944
2676 2796 2797
2797 2798 2945
2585 2677 2678
2678 2679 2799
2586 2678 2620
2586 2587 2620
2678 2679 2620
2620 2621 2680
2587 2620 2621
2679 2620 2680
2677 2797 2798
2678 2798 2799
2800 2801 2854
2679 2799 2726
2679 2680 2726
2799 2800 2726
2726 2727 2801
2622 2623 2633
2588 2621 2609
2588 2589 2609
2621 2622 2609
2609 2610 2623
2589 2609 2610
2610 2611 2624
2622 2609 2623
2623 2624 2634
2680 2726 2681
2621 2680 2632
2680 2681 2632
2621 2622 2632
2632 2633 2682
2622 2632 2633
2633 2634 2683
2681 2632 2682
2682 2683 2704
2590 2610 2611
2591 2592 2611
2610 2623 2624
2624 2625 2635
2592 2611 2625
2611 2624 2625
2623 2633 2634
2634 2635 2684
2633 2682 2683
2683 2684 2705
2624 2634 2635
2634 2683 2684
2684 2685 2706
2726 2727 2703
2726 2681 2703
2681 2682 2703
2703 2704 2728
2682 2703 2704
2704 2705 2729
2727 2703 2728
2728 2729 2751
2683 2704 2705
2705 2706 2730
2704 2728 2729
2729 2730 2752
2800 2726 2801
2727 2801 2750
2727 2728 2750
2801 2802 2750
2750 2751 2803
2728 2750 2751
2751 2752 2804
2802 2750 2803
2803 2804 2828
2592 2625 2626
2625 2635 2626
2626 2627 2686
2593 2626 2627
2594 2595 2627
2635 2684 2685
2635 2626 2685
2626 2685 2686
2595 2627 2687
2627 2686 2687
2687 2688 2734
2684 2705 2706
2685 2686 2706
2705 2729 2730
2730 2731 2753
2686 2706 2731
2706 2730 2731
2731 2732 2754
2729 2751 2752
2752 2753 2805
2751 2803 2804
2804 2805 2829
2730 2752 2753
2753 2754 2806
2752 2804 2805
2805 2806 2830
2686 2731 2732
2686 2687 2732
2687 2732 2733
2731 2753 2754
2732 2733 2754
2753 2805 2806
2806 2807 2831
2733 2754 2807
2754 2806 2807
2807 2808 2832
2595 2687 2688
2595 2596 2688
2688 2689 2735
2596 2688 2689
2689 2690 2736
2687 2733 2734
2734 2735 2810
2733 2807 2808
2733 2734 2808
2808 2809 2833
2734 2808 2809
2688 2734 2735
2735 2736 2811
2734 2809 2810
2810 2811 2863
2596 2689 2690
2690 2691 2737
2689 2735 2736
2736 2737 2812
2735 2810 2811
2811 2812 2864
2795 2942 2943
2943 2944 3017
2796 2943 2944
2944 2945 3018
2797 2944 2945
2798 2799 2945
2945 2946 3019
2946 2947 3020
2799 2945 2853
2799 2800 2853
2945 2946 2853
2853 2854 2947
2800 2853 2854
2801 2802 2854
2854 2855 2948
2802 2854 2827
2802 2803 2827
2854 2855 2827
2827 2828 2856
2946 2853 2947
2947 2948 3021
2854 2947 2948
2803 2827 2828
2828 2829 2857
2855 2827 2856
2856 2857 2889
2804 2828 2829
2829 2830 2858
2828 2856 2857
2857 2858 2890
2855 2948 2888
2948 2949 2888
2855 2856 2888
2888 2889 2950
2856 2888 2889
2889 2890 2951
2949 2888 2950
2805 2829 2830
2830 2831 2859
2829 2857 2858
2858 2859 2891
2806 2830 2831
2831 2832 2860
2830 2858 2859
2859 2860 2892
2857 2889 2890
2890 2891 2952
2889 2950 2951
2951 2952 2980
2858 2890 2891
2891 2892 2953
2890 2951 2952
2952 2953 2981
2807 2831 2832
2832 2833 2861
2808 2832 2833
2809 2810 2833
2831 2859 2860
2860 2861 2893
2832 2860 2861
2861 2862 2894
2859 2891 2892
2892 2893 2954
2891 2952 2953
2953 2954 2982
2860 2892 2893
2893 2894 2955
2892 2953 2954
2954 2955 2983
2810 2833 2862
2833 2861 2862
2862 2863 2895
2861 2893 2894
2894 2895 2956
2893 2954 2955
2955 2956 2984
2810 2862 2863
2863 2864 2896
2862 2894 2895
2895 2896 2957
2894 2955 2956
2956 2957 2985
2942 3015 3016
3016 3017 3074
2943 3016 3017
3017 3018 3075
2944 3017 3018
3018 3019 3076
2945 3018 3019
3019 3020 3077
2946 3019 3020
3020 3021 3078
2947 3020 3021
2948 2949 3021
3021 3022 3079
2949 3021 3022
2949 2950 3022
2950 3022 2979
2950 2951 2979
3022 3023 2979
2979 2980 3024
2951 2979 2980
2980 2981 3025
3023 2979 3024
2952 2980 2981
2981 2982 3026
2980 3024 3025
2953 2981 2982
2982 2983 3027
2981 3025 3026
3026 3027 3082
2954 2982 2983
2983 2984 3028
2982 3026 3027
3027 3028 3083
2955 2983 2984
2984 2985 3029
2983 3027 3028
3028 3029 3084
3072 3015 3073
3073 3074 3126
3016 3073 3074
3074 3075 3127
3017 3074 3075
3075 3076 3128
3018 3075 3076
3019 3076 3077
3020 3077 3078
3021 3078 3079
3022 3023 3079
3023 3079 3080
3023 3024 3080
3024 3025 3080
3025 3080 3081
3025 3026 3081
3026 3081 3082
3082 3083 3132
3027 3082 3083
3083 3084 3133
3065 3064 3117
3117 3118 3167
3064 3117 3116
3116 3115 3164
3116 3165 3164
3065 3117 3118
3118 3119 3168
3066 3118 3119
3119 3120 3169
3067 3119 3120
3120 3121 3170
3117 3116 3166
3116 3166 3165
3165 3204 3164
3117 3166 3167
3118 3167 3168
3119 3168 3169
3068 3120 3121
3121 3122 3171
3069 3121 3122
3122 3123 3172
3070 3122 3123
3123 3124 3173
3071 3123 3124
3124 3125 3174
3120 3169 3170
3121 3170 3171
3122 3171 3172
3123 3172 3173
3072 3124 3125
3125 3126 3175
3073 3125 3126
3126 3127 3176
3074 3126 3127
3127 3128 3177
3075 3127 3128
3076 3077 3128
3128 3129 3178
3077 3128 3129
3077 3078 3129
3078 3079 3129
3129 3130 3179
3079 3129 3130
3079 3080 3130
3080 3081 3130
3130 3131 3180
3081 3130 3131
3081 3082 3131
3131 3132 3181
3082 3131 3132
3132 3133 3182
3124 3173 3174
3125 3174 3175
3126 3175 3176
3127 3176 3177
3128 3177 3178
3129 3178 3179
3130 3179 3180
3131 3180 3181
3166 3167 3205
3167 3168 3205
3166 3165 3204
3166 3205 3204
3204 3227 3203
3168 3205 3206
3168 3169 3206
3169 3170 3206
3170 3206 3207
3170 3171 3207
3171 3172 3207
3172 3207 3208
3172 3173 3208
3173 3174 3208
3174 3208 3209
3174 3175 3209
3175 3176 3209
3176 3209 3210
3176 3177 3210
3177 3178 3210
3178 3210 3211
3178 3179 3211
3179 3180 3211
3180 3211 3212
3180 3181 3212
3205 3206 3228
3206 3207 3228
3228 3229 3246
3205 3204 3227
3205 3228 3227
3227 3226 3243
3227 3244 3243
3207 3228 3229
3207 3208 3229
3208 3209 3229
3229 3230 3247
3228 3227 3245
3227 3245 3244
3244 3257 3243
3228 3245 3246
3209 3229 3230
3209 3210 3230
3210 3211 3230
3230 3231 3248
3211 3230 3231
3211 3212 3231
3231 3232 3249
3229 3246 3247
3230 3247 3248
3245 3246 3258
3246 3247 3258
3258 3259 3268
3245 3244 3257
3245 3258 3257
3257 3256 3265
3257 3266 3265
3247 3258 3259
3247 3248 3259
3259 3260 3269
3258 3257 3267
3257 3267 3266
3266 3273 3265
3258 3267 3268
2597 2690 2691
2691 2692 2738
2598 2691 2692
2692 2693 2739
2599 2692 2693
2693 2694 2740
2600 2693 2694
2694 2695 2741
2601 2694 2695
2695 2696 2742
2602 2695 2696
2696 2697 2743
2690 2736 2737
2737 2738 2813
2691 2737 2738
2738 2739 2814
2692 2738 2739
2739 2740 2815
2693 2739 2740
2740 2741 2816
2736 2811 2812
2812 2813 2865
2737 2812 2813
2813 2814 2866
2738 2813 2814
2814 2815 2867
2739 2814 2815
2815 2816 2868
2694 2740 2741
2741 2742 2817
2695 2741 2742
2742 2743 2818
2740 2815 2816
2816 2817 2869
2741 2816 2817
2817 2818 2870
2811 2863 2864
2864 2865 2897
2812 2864 2865
2865 2866 2898
2813 2865 2866
2866 2867 2899
2814 2866 2867
2867 2868 2900
2815 2867 2868
2868 2869 2901
2816 2868 2869
2869 2870 2902
2863 2895 2896
2896 2897 2958
2864 2896 2897
2897 2898 2959
2865 2897 2898
2898 2899 2960
2866 2898 2899
2899 2900 2961
2895 2956 2957
2957 2958 2986
2896 2957 2958
2958 2959 2987
2897 2958 2959
2959 2960 2988
2898 2959 2960
2960 2961 2989
2867 2899 2900
2900 2901 2962
2868 2900 2901
2901 2902 2963
2899 2960 2961
2961 2962 2990
2900 2961 2962
2962 2963 2991
2956 2984 2985
2985 2986 3030
2957 2985 2986
2986 2987 3031
2958 2986 2987
2987 2988 3032
2959 2987 2988
2988 2989 3033
2984 3028 3029
3029 3030 3085
2985 3029 3030
3030 3031 3086
2986 3030 3031
3031 3032 3087
2987 3031 3032
3032 3033 3088
2960 2988 2989
2989 2990 3034
2961 2989 2990
2990 2991 3035
2988 3032 3033
3033 3034 3089
2989 3033 3034
3034 3035 3090
3028 3083 3084
3084 3085 3134
3029 3084 3085
3085 3086 3135
3030 3085 3086
3086 3087 3136
3031 3086 3087
3087 3088 3137
3032 3087 3088
3088 3089 3138
3033 3088 3089
3089 3090 3139
3083 3132 3133
3133 3134 3183
3084 3133 3134
3134 3135 3184
3085 3134 3135
3135 3136 3185
3086 3135 3136
3136 3137 3186
3087 3136 3137
3137 3138 3187
3088 3137 3138
3138 3139 3188
3132 3181 3182
3181 3212 3182
3133 3182 3183
3134 3183 3184
3135 3184 3185
3185 3186 3215
3136 3185 3186
3186 3187 3216
3137 3186 3187
3187 3188 3217
3212 3231 3213
3212 3182 3213
3182 3183 3213
3183 3184 3213
3184 3213 3214
3184 3185 3214
3185 3214 3215
3186 3215 3216
3216 3217 3234
3231 3213 3232
3213 3214 3232
3214 3215 3232
3232 3233 3250
3215 3232 3233
3215 3216 3233
3233 3234 3251
3231 3248 3249
3248 3259 3249
3232 3249 3250
2603 2696 2697
2697 2698 2744
2696 2742 2743
2743 2744 2819
2742 2817 2818
2818 2819 2871
2817 2869 2870
2870 2871 2903
2869 2901 2902
2902 2903 2964
2901 2962 2963
2963 2964 2992
2962 2990 2991
2991 2992 3036
2990 3034 3035
3035 3036 3091
3034 3089 3090
3090 3091 3140
3089 3138 3139
3139 3140 3189
3138 3187 3188
3188 3189 3218
3187 3216 3217
3217 3218 3235
2604 2697 2698
2697 2743 2744
2743 2818 2819
2818 2870 2871
2870 2902 2903
2902 2963 2964
2963 2991 2992
2991 3035 3036
3035 3090 3091
3090 3139 3140
3139 3188 3189
3188 3217 3218
3216 3233 3234
3234 3235 3252
3217 3234 3235
3233 3250 3251
3234 3251 3252
3259 3249 3260
3249 3250 3260
3250 3251 3260
3260 3261 3270
3259 3268 3269
3251 3260 3261
3251 3252 3261
3260 3269 3270
3267 3268 3274
3268 3269 3274
3274 3275 3280
3267 3266 3273
3267 3274 3273
3273 3272 3277
3273 3278 3277
3274 3273 3279
3279 3280 3285
3273 3279 3278
3278 3277 3282
3278 3283 3282
3269 3274 3275
3269 3270 3275
3274 3279 3280
3279 3278 3284
3284 3285 3290
3278 3284 3283
3283 3282 3287
3283 3288 3287
3284 3283 3289
3289 3290 3295
3283 3289 3288
3288 3287 3292
3288 3293 3292
3279 3284 3285
3284 3289 3290
3289 3288 3294
3294 3295 3300
3288 3294 3293
3293 3292 3297
3293 3298 3297
3294 3293 3299
3299 3300 3305
3293 3299 3298
3298 3297 3302
3298 3303 3302
3289 3294 3295
3294 3299 3300
3299 3298 3304
3304 3305 3310
3298 3304 3303
3303 3302 3307
3303 3308 3307
3304 3303 3309
3309 3310 3315
3303 3309 3308
3308 3307 3312
3308 3313 3312
3299 3304 3305
3304 3309 3310
3309 3308 3314
3314 3315 3320
3308 3314 3313
3313 3312 3317
3313 3318 3317
3314 3313 3319
3319 3320 3325
3313 3319 3318
3318 3317 3322
3318 3323 3322
3309 3314 3315
3314 3319 3320
3319 3318 3324
3324 3325 3330
3318 3324 3323
3323 3322 3327
3323 3328 3327
3324 3323 3329
3319 3324 3325
895 812 811
924 841 840
3323 3329 3328
3324 3329 3330
907 824 823
922 984 923
922 839 923
984 985 923
924 840 923
924 985 923
1222 1288 1289
1290 1353 1289
1288 1351 1352
1353 1289 1352
1353 1425 1352
1351 1423 1424
1425 1352 1424
1425 1498 1424
1423 1496 1497
1498 1424 1497
1498 1558 1497
1496 1556 1557
1556 1617 1557
1617 1618 1557
1558 1497 1557
1558 1618 1557
1158 1222 1223
1222 1289 1223
1224 1290 1223
1094 1158 1159
1158 1223 1159
1160 1224 1159
1030 1094 1095
1094 1159 1095
1096 1160 1095
967 1030 1031
1030 1095 1031
1032 1096 1031
905 967 968
967 1031 968
969 1032 968
905 968 906
905 822 906
907 823 906
907 969 906
963 1026 1027
1028 1092 1027
1154 1218 1219
1220 1286 1219
1218 1284 1285
1284 1348 1285
1286 1219 1285
1348 1349 1285
1286 1349 1285
1090 1154 1155
1154 1219 1155
1156 1220 1155
903 820 819
901 818 902
903 819 902
903 965 902
1026 1090 1091
1090 1155 1091
1092 1027 1091
1092 1156 1091
901 963 964
963 1027 964
965 902 964
965 1028 964
893 810 892
811 893 810
810 892 809
892 809 891
893 892 954
893 955 954
955 1018 1017
892 954 953
955 954 1017
954 1017 1016
1018 1017 1081
1018 1082 1081
1017 1081 1080
1082 1081 1145
1082 1146 1145
1081 1145 1144
1146 1145 1209
1146 1210 1209
1145 1209 1208
1210 1209 1275
1210 1276 1275
1209 1275 1274
1276 1275 1339
1276 1340 1339
1275 1339 1338
1340 1339 1411
1340 1412 1411
1339 1411 1410
1412 1411 1484
809 891 808
891 808 890
892 891 953
891 953 952
954 953 1016
953 1016 1015
1017 1016 1080
1016 1080 1079
1081 1080 1144
1080 1144 1143
1145 1144 1208
1144 1208 1207
1209 1208 1274
1208 1274 1273
1275 1274 1338
1274 1338 1337
1339 1338 1410
1338 1410 1409
1411 1410 1483
808 890 807
890 807 889
891 890 952
890 952 951
953 952 1015
952 1015 1014
1016 1015 1079
1015 1079 1078
1080 1079 1143
1079 1143 1142
1144 1143 1207
1143 1207 1206
1208 1207 1273
1207 1273 1272
1274 1273 1337
1273 1337 1336
1338 1337 1409
1337 1409 1408
1410 1409 1482
807 889 806
889 806 888
890 889 951
806 888 805
888 805 887
889 888 950
889 951 950
952 951 1014
951 1014 1013
1015 1014 1078
888 950 949
951 950 1013
950 1013 1012
1014 1013 1077
1014 1078 1077
1079 1078 1142
1013 1077 1076
1078 1077 1141
1078 1142 1141
1143 1142 1206
1077 1141 1140
1142 1141 1205
1142 1206 1205
1207 1206 1272
1141 1205 1204
1206 1205 1271
1206 1272 1271
1273 1272 1336
1205 1271 1270
1272 1271 1335
1272 1336 1335
1337 1336 1408
1271 1335 1334
1336 1335 1407
1336 1408 1407
1409 1408 1481
1335 1407 1406
1408 1407 1480
805 887 804
887 804 886
888 887 949
885 802 884
885 947 886
885 802 803
887 949 948
950 949 1012
949 1012 1011
1013 1012 1076
885 947 946
947 1010 948
947 1010 1009
1010 1074 1011
1012 1076 1075
1077 1076 1140
1010 1074 1073
1074 1138 1075
1076 1140 1139
1141 1140 1204
1074 1138 1137
1138 1202 1139
1140 1204 1203
1205 1204 1270
1138 1202 1201
1202 1268 1203
1204 1270 1269
1271 1270 1334
1202 1268 1267
1268 1333 1269
1270 1334 1269
1335 1334 1406
1268 1333 1332
1334 1333 1269
1334 1333 1405
1334 1406 1405
1407 1406 1479
1333 1405 1404
1406 1405 1478
802 884 801
884 801 883
885 884 946
884 946 945
947 946 1009
946 1009 1008
1010 1009 1073
1009 1073 1072
1074 1073 1137
1073 1137 1136
1138 1137 1201
1137 1201 1200
1202 1201 1267
1201 1267 1266
1268 1267 1332
1267 1332 1331
1333 1332 1404
1332 1404 1403
1405 1404 1477
801 883 800
883 800 882
884 883 945
883 945 944
946 945 1008
945 1008 1007
1009 1008 1072
1008 1072 1071
1073 1072 1136
1072 1136 1135
1137 1136 1200
1136 1200 1199
1201 1200 1266
1200 1266 1265
1267 1266 1331
1266 1331 1330
1332 1331 1403
1331 1403 1402
1404 1403 1476
881 798 880
881 943 882
881 798 799
798 880 797
880 797 879
881 880 942
881 943 942
943 1006 944
943 1006 1005
1006 1070 1007
880 942 941
943 942 1005
942 1005 1004
1006 1005 1069
1006 1070 1069
1070 1134 1071
1005 1069 1068
1070 1069 1133
1070 1134 1133
1134 1198 1135
1069 1133 1132
1134 1133 1197
1134 1198 1197
1198 1264 1199
1133 1197 1196
1198 1197 1263
1198 1264 1263
1264 1329 1265
1197 1263 1262
1264 1263 1328
1264 1329 1328
1329 1401 1330
1263 1328 1327
1329 1328 1400
1329 1401 1400
1401 1474 1402
1328 1400 1399
1401 1400 1473
1412 1485 1484
1485 1545 1544
1411 1484 1483
1485 1484 1544
1484 1544 1543
1545 1544 1605
1545 1606 1605
1544 1605 1604
1606 1605 1673
1606 1674 1673
1605 1673 1672
1674 1673 1769
1674 1770 1769
1770 1871 1870
1673 1769 1768
1770 1769 1870
1769 1870 1869
1871 1870 1964
1871 1965 1964
1965 2057 2056
1870 1964 1963
1965 1964 2056
1964 2056 2055
2057 2056 2121
2057 2122 2121
2122 2185 2184
2056 2121 2120
2122 2121 2184
2121 2184 2183
2185 2184 2244
1410 1483 1482
1484 1483 1543
1483 1543 1542
1544 1543 1604
1543 1604 1603
1605 1604 1672
1604 1672 1671
1673 1672 1768
1672 1768 1767
1769 1768 1869
1768 1869 1868
1870 1869 1963
1409 1482 1481
1483 1482 1542
1482 1542 1541
1543 1542 1603
1542 1603 1602
1604 1603 1671
1603 1671 1670
1671 1670 1727
1672 1671 1767
1408 1481 1480
1482 1481 1541
1481 1541 1540
1542 1541 1602
1407 1480 1479
1481 1480 1540
1480 1540 1539
1541 1540 1601
1541 1602 1601
1603 1602 1670
1540 1601 1600
1602 1601 1669
1602 1670 1669
1601 1669 1668
1670 1669 1726
1671 1767 1727
1768 1767 1868
1767 1766 1816
1767 1868 1816
1869 1868 1962
1767 1766 1727
1766 1727 1765
1670 1727 1726
1669 1726 1725
1727 1726 1765
1726 1765 1764
1766 1765 1815
1868 1867 1816
1867 1816 1866
1867 1866 1925
1868 1867 1961
1766 1816 1815
1765 1815 1814
1816 1815 1866
1815 1866 1865
1869 1963 1962
1964 1963 2055
1963 2055 2054
2056 2055 2120
1868 1962 1961
1962 1961 2054
1963 1962 2054
1867 1961 1925
1961 1960 2006
1961 1960 1925
1960 1925 1959
1866 1925 1924
1961 2054 2006
2055 2054 2119
2054 2053 2006
2053 2006 2052
2054 2053 2118
1960 2006 2005
2055 2120 2119
2121 2120 2183
2120 2183 2182
2184 2183 2243
2054 2119 2118
2120 2119 2182
2053 2118 2052
2119 2118 2181
2118 2052 2117
2119 2182 2181
2183 2182 2242
2118 2181 2180
2182 2181 2241
1406 1479 1478
1480 1479 1539
1479 1539 1538
1540 1539 1600
1405 1478 1477
1479 1478 1538
1478 1538 1537
1539 1538 1599
1539 1600 1599
1601 1600 1668
1538 1599 1598
1600 1599 1667
1600 1668 1667
1669 1668 1725
1599 1667 1666
1668 1667 1724
1404 1477 1476
1478 1477 1537
1477 1537 1536
1538 1537 1598
1537 1598 1597
1599 1598 1666
1598 1666 1665
1667 1666 1723
1668 1725 1724
1726 1725 1764
1725 1764 1763
1765 1764 1814
1667 1724 1723
1725 1724 1763
1724 1763 1762
1764 1763 1813
1764 1814 1813
1815 1814 1865
1814 1865 1864
1866 1865 1924
1763 1813 1812
1814 1813 1864
1813 1864 1863
1865 1864 1923
1666 1723 1722
1724 1723 1762
1723 1762 1761
1763 1762 1812
1762 1812 1811
1813 1812 1863
1812 1863 1862
1864 1863 1922
1403 1476 1475
1477 1476 1536
1476 1536 1535
1537 1536 1597
1536 1597 1535
1598 1597 1665
1597 1665 1664
1666 1665 1722
1665 1722 1721
1723 1722 1761
1722 1761 1760
1762 1761 1811
1761 1811 1810
1812 1811 1862
1811 1862 1861
1863 1862 1921
1865 1924 1923
1925 1924 1959
1924 1959 1958
1960 1959 2005
1864 1923 1922
1924 1923 1958
1923 1958 1957
1959 1958 2004
1863 1922 1921
1923 1922 1957
1922 1957 1956
1958 1957 2003
1862 1921 1920
1922 1921 1956
1921 1956 1955
1957 1956 2002
1959 2005 2004
2006 2005 2052
2005 2052 2051
2052 2051 2117
1958 2004 2003
2005 2004 2051
2004 2051 2050
1957 2003 2002
2004 2003 2050
2003 2050 2049
2051 2050 2116
1956 2002 2001
2003 2002 2049
2002 2049 2048
2050 2049 2115
2051 2117 2116
2118 2117 2180
2050 2116 2115
2117 2116 2179
2049 2115 2114
2116 2115 2178
2117 2180 2179
2181 2180 2240
2116 2179 2178
2180 2179 2239
2115 2178 2177
2179 2178 2238
1401 1474 1473
1474 1534 1475
1474 1534 1533
1534 1596 1535
1400 1473 1472
1474 1473 1533
1473 1533 1532
1534 1533 1595
1597 1596 1535
1534 1596 1595
1597 1596 1664
1533 1595 1594
1596 1595 1663
1596 1664 1663
1665 1664 1721
1595 1663 1662
1664 1663 1720
1664 1721 1720
1722 1721 1760
1721 1760 1759
1761 1760 1810
1663 1720 1719
1721 1720 1759
1720 1759 1758
1760 1759 1809
1760 1810 1809
1811 1810 1861
1810 1861 1860
1862 1861 1920
1759 1809 1808
1810 1809 1860
1809 1860 1859
1861 1860 1919
1861 1920 1919
1921 1920 1955
1920 1955 1954
1956 1955 2001
1860 1919 1918
1920 1919 1954
1919 1954 1953
1955 1954 2000
1955 2001 2000
2002 2001 2048
2001 2048 2047
2049 2048 2114
1954 2000 1999
2001 2000 2047
2000 2047 2046
2048 2047 2113
2048 2114 2113
2115 2114 2177
2047 2113 2112
2114 2113 2176
2114 2177 2176
2178 2177 2237
2113 2176 2175
2177 2176 2236
2185 2245 2244
2245 2299 2298
2184 2244 2243
2245 2244 2298
2244 2298 2297
2299 2298 2392
2183 2243 2242
2244 2243 2297
2243 2297 2296
2297 2296 2391
2298 2297 2391
2182 2242 2241
2243 2242 2296
2181 2241 2240
2242 2241 2295
2242 2296 2295
2296 2295 2390
2241 2295 2294
2299 2393 2392
2298 2392 2391
2393 2392 2482
2296 2391 2390
2392 2391 2481
2295 2390 2294
2390 2294 2389
2391 2390 2480
2180 2240 2239
2241 2240 2294
2179 2239 2238
2240 2239 2293
2240 2294 2293
2294 2293 2389
2239 2293 2292
2178 2238 2237
2239 2238 2292
2238 2292 2291
2293 2292 2388
2293 2389 2388
2390 2389 2479
2292 2388 2387
2389 2388 2478
2177 2237 2236
2238 2237 2291
2237 2291 2290
2292 2291 2387
2176 2236 2175
2237 2236 2290
2236 2175 2289
2236 2290 2289
2291 2290 2386
2291 2387 2386
2388 2387 2477
2290 2386 2385
2387 2386 2476
2393 2483 2482
2392 2482 2481
2483 2482 2573
2391 2481 2480
2482 2481 2572
2390 2480 2479
2481 2480 2571
2483 2574 2573
2482 2573 2572
2574 2573 2665
2481 2572 2571
2573 2572 2664
2480 2571 2570
2572 2571 2663
2389 2479 2478
2480 2479 2570
2388 2478 2477
2479 2478 2569
2479 2570 2569
2571 2570 2662
2478 2569 2568
2570 2569 2661
2387 2477 2476
2478 2477 2568
2386 2476 2475
2477 2476 2567
2477 2568 2567
2569 2568 2660
2476 2567 2566
2568 2567 2659
797 879 796
879 796 878
880 879 941
796 878 795
878 795 877
879 878 940
879 941 940
942 941 1004
941 1004 1003
1005 1004 1068
878 940 939
941 940 1003
940 1003 1002
1004 1003 1067
1004 1068 1067
1069 1068 1132
1068 1132 1131
1133 1132 1196
1003 1067 1066
1068 1067 1131
1067 1131 1130
1132 1131 1195
1132 1196 1195
1197 1196 1262
1196 1262 1261
1263 1262 1327
1131 1195 1194
1196 1195 1261
1195 1261 1260
1262 1261 1326
1262 1327 1326
1328 1327 1399
1327 1399 1398
1400 1399 1472
1261 1326 1325
1327 1326 1398
1326 1398 1397
1399 1398 1471
795 877 794
877 794 876
878 877 939
794 876 793
876 793 875
877 876 938
877 939 938
940 939 1002
939 1002 1001
1003 1002 1066
876 938 937
939 938 1001
938 1001 1000
1002 1001 1065
1002 1066 1065
1067 1066 1130
1001 1065 1064
1066 1065 1129
1066 1130 1129
1131 1130 1194
1065 1129 1128
1130 1129 1193
1130 1194 1193
1195 1194 1260
1129 1193 1192
1194 1193 1259
1194 1260 1259
1261 1260 1325
1193 1259 1258
1260 1259 1324
1260 1325 1324
1326 1325 1397
1259 1324 1323
1325 1324 1396
1325 1397 1396
1398 1397 1470
1324 1396 1395
1397 1396 1469
793 875 792
875 792 874
876 875 937
792 874 791
874 791 873
875 874 936
875 937 936
938 937 1000
937 1000 999
1001 1000 1064
874 936 935
937 936 999
936 999 998
1000 999 1063
1000 1064 1063
1065 1064 1128
999 1063 1062
1064 1063 1127
1064 1128 1127
1129 1128 1192
1063 1127 1126
1128 1127 1191
1128 1192 1191
1193 1192 1258
1127 1191 1190
1192 1191 1257
1192 1258 1257
1259 1258 1323
1191 1257 1256
1258 1257 1322
1258 1323 1322
1324 1323 1395
1257 1322 1321
1323 1322 1394
1323 1395 1394
1396 1395 1468
1322 1394 1393
1395 1394 1467
791 873 790
873 790 872
874 873 935
790 872 789
872 789 871
873 872 934
873 935 934
936 935 998
935 998 997
999 998 1062
872 934 933
935 934 997
934 997 996
998 997 1061
998 1062 1061
1063 1062 1126
997 1061 1060
1062 1061 1125
1062 1126 1125
1127 1126 1190
1061 1125 1124
1126 1125 1189
1126 1190 1189
1191 1190 1256
1125 1189 1188
1190 1189 1255
1190 1256 1255
1257 1256 1321
1189 1255 1254
1256 1255 1320
1256 1321 1320
1322 1321 1393
1255 1320 1319
1321 1320 1392
1321 1393 1392
1394 1393 1466
1320 1392 1391
1393 1392 1465
789 871 788
871 788 870
872 871 933
788 870 787
870 787 869
871 870 932
871 933 932
934 933 996
933 996 995
997 996 1060
870 932 931
933 932 995
932 995 994
996 995 1059
996 1060 1059
1061 1060 1124
1060 1124 1123
1125 1124 1188
995 1059 1058
1060 1059 1123
1059 1123 1122
1124 1123 1187
1124 1188 1187
1189 1188 1254
1188 1254 1253
1255 1254 1319
1123 1187 1186
1188 1187 1253
1187 1253 1252
1254 1253 1318
1254 1319 1318
1320 1319 1391
1319 1391 1390
1392 1391 1464
1253 1318 1317
1319 1318 1390
1318 1390 1389
1391 1390 1463
787 869 786
869 786 868
870 869 931
786 868 785
868 785 867
869 868 930
869 931 930
932 931 994
931 994 993
995 994 1058
868 930 929
931 930 993
930 993 992
994 993 1057
994 1058 1057
1059 1058 1122
1058 1122 1121
1123 1122 1186
993 1057 1056
1058 1057 1121
1057 1121 1120
1122 1121 1185
1122 1186 1185
1187 1186 1252
1186 1252 1251
1253 1252 1317
1121 1185 1184
1186 1185 1251
1185 1251 1250
1252 1251 1316
1252 1317 1316
1318 1317 1389
1317 1389 1388
1390 1389 1462
1251 1316 1315
1317 1316 1388
1316 1388 1387
1389 1388 1461
785 867 784
867 784 866
868 867 929
867 929 928
930 929 992
929 992 991
993 992 1056
992 1056 1055
1057 1056 1120
1056 1120 1119
1121 1120 1184
784 866 783
866 783 865
867 866 928
866 928 865
929 928 991
928 991 990
992 991 1055
991 1055 1054
1056 1055 1119
1055 1119 1118
1119 1118 1183
1120 1119 1183
864 781 863
864 927 865
864 781 782
928 927 865
864 927 863
928 927 990
927 863 989
927 990 989
990 989 1054
991 990 1054
781 863 780
863 780 862
780 862 779
862 779 778
863 862 988
863 989 988
989 988 1053
862 988 987
989 1054 1053
1055 1054 1118
1054 1118 1117
1118 1117 1182
988 1053 987
1054 1053 1117
1053 987 1116
1053 1117 1116
1120 1184 1183
1185 1184 1250
1184 1250 1249
1250 1249 1315
1251 1250 1315
1118 1183 1182
1184 1183 1249
1183 1249 1248
1249 1248 1314
1117 1182 1116
1183 1182 1248
1182 1116 1181
1182 1248 1247
1248 1247 1314
862 987 778
987 778 986
778 986 777
986 777 776
987 986 1115
987 1116 1115
1116 1115 1181
986 1115 1114
1115 1114 1181
986 1114 776
1114 776 775
1114 1181 1246
1182 1181 1247
1181 1247 1246
1247 1246 1313
1114 1246 1245
1246 1245 1313
1114 1245 775
1245 775 1244
1249 1315 1314
1316 1315 1387
1247 1314 1313
1315 1314 1386
1315 1387 1386
1388 1387 1460
1314 1386 1385
1387 1386 1459
1245 1313 1384
1314 1313 1385
1313 1385 1384
1386 1385 1458
1245 1384 1383
1384 1383 1457
1385 1384 1457
775 1244 774
1244 774 1243
1245 1244 1383
774 1243 773
1243 773 1242
1244 1243 1382
773 1242 772
1242 772 771
1243 1242 1381
1244 1383 1382
1383 1382 1516
1243 1382 1381
1382 1381 1516
1242 1381 1380
1242 1380 771
1380 771 1379
1381 1380 1578
771 1379 770
1379 770 1378
1380 1379 1577
1399 1472 1471
1473 1472 1532
1472 1532 1531
1533 1532 1594
1398 1471 1470
1472 1471 1531
1471 1531 1530
1532 1531 1593
1532 1594 1593
1595 1594 1662
1531 1593 1592
1594 1593 1661
1594 1662 1661
1663 1662 1719
1593 1661 1660
1662 1661 1718
1662 1719 1718
1720 1719 1758
1719 1758 1757
1759 1758 1808
1661 1718 1717
1719 1718 1757
1718 1757 1756
1758 1757 1807
1758 1808 1807
1809 1808 1859
1808 1859 1858
1860 1859 1918
1757 1807 1806
1808 1807 1858
1807 1858 1857
1859 1858 1917
1859 1918 1917
1919 1918 1953
1918 1953 1952
1954 1953 1999
1858 1917 1916
1918 1917 1952
1917 1952 1951
1953 1952 1998
1953 1999 1998
2000 1999 2046
1999 2046 2045
2047 2046 2112
1952 1998 1997
1999 1998 2045
1998 2045 2044
2046 2045 2111
2046 2112 2111
2113 2112 2175
2112 2175 2174
2045 2111 2110
2112 2111 2174
2111 2174 2173
2175 2174 2288
1397 1470 1469
1471 1470 1530
1470 1530 1529
1531 1530 1592
1530 1592 1591
1593 1592 1660
1592 1591 1659
1592 1660 1659
1661 1660 1717
1396 1469 1468
1470 1469 1529
1469 1529 1528
1530 1529 1591
1529 1591 1590
1591 1590 1657
1591 1659 1658
1660 1659 1716
1591 1658 1657
1659 1658 1715
1660 1717 1716
1718 1717 1756
1717 1756 1755
1757 1756 1806
1756 1806 1805
1807 1806 1857
1806 1857 1856
1858 1857 1916
1659 1716 1715
1717 1716 1755
1658 1715 1714
1716 1715 1754
1716 1755 1754
1756 1755 1805
1715 1754 1753
1755 1754 1804
1755 1805 1804
1806 1805 1856
1754 1804 1803
1805 1804 1855
1805 1856 1855
1857 1856 1915
1804 1855 1854
1856 1855 1914
1395 1468 1467
1469 1468 1528
1468 1528 1527
1529 1528 1590
1528 1590 1589
1590 1657 1656
1658 1657 1714
1590 1656 1655
1656 1655 1713
1657 1656 1713
1394 1467 1466
1468 1467 1527
1467 1527 1526
1528 1527 1589
1527 1589 1588
1590 1589 1655
1589 1655 1654
1655 1654 1749
1657 1714 1713
1715 1714 1753
1655 1713 1751
1714 1713 1752
1714 1753 1752
1754 1753 1803
1713 1752 1751
1753 1752 1802
1753 1803 1802
1804 1803 1854
1752 1802 1801
1803 1802 1853
1803 1854 1853
1855 1854 1913
1802 1853 1852
1854 1853 1912
1655 1751 1750
1752 1751 1801
1655 1750 1749
1751 1750 1800
1751 1801 1800
1802 1801 1852
1750 1800 1749
1801 1800 1851
1800 1749 1850
1801 1852 1851
1852 1851 1911
1853 1852 1911
1800 1851 1850
1857 1916 1915
1917 1916 1951
1916 1951 1950
1952 1951 1997
1856 1915 1914
1916 1915 1950
1915 1950 1949
1951 1950 1996
1855 1914 1913
1915 1914 1949
1914 1949 1948
1950 1949 1995
1951 1997 1996
1998 1997 2044
1997 2044 2043
2044 2043 2110
2045 2044 2110
1950 1996 1995
1997 1996 2043
1996 2043 2042
2043 2042 2109
1949 1995 1994
1996 1995 2042
1995 2042 2041
2042 2041 2097
2043 2110 2109
2111 2110 2173
2110 2173 2172
2173 2172 2235
2174 2173 2287
2042 2109 2097
2110 2109 2172
2109 2108 2148
2109 2172 2148
2172 2171 2223
1854 1913 1912
1914 1913 1948
1913 1948 1947
1949 1948 1994
1853 1912 1911
1913 1912 1947
1912 1947 1946
1948 1947 1993
1948 1994 1993
1995 1994 2041
1994 2041 2040
1947 1993 1992
1994 1993 2040
1993 2040 2039
2041 2040 2096
2109 2108 2097
2108 2097 2107
2041 2097 2096
2040 2096 2095
2097 2096 2107
2096 2107 2106
2108 2107 2147
2172 2171 2148
2171 2148 2170
2108 2148 2147
2107 2147 2146
2148 2147 2170
2147 2170 2169
2171 2170 2222
1851 1911 1945
1912 1911 1946
1911 1946 1945
1946 1945 1992
1947 1946 1992
1851 1945 1944
1945 1992 2038
1993 1992 2039
1992 2039 2038
2039 2038 2095
2040 2039 2095
1945 2038 2037
2038 2095 2105
2096 2095 2106
2095 2106 2105
2106 2105 2146
2107 2106 2146
2038 2105 2104
2105 2146 2168
2147 2146 2169
2146 2169 2168
2169 2168 2221
2170 2169 2221
2105 2168 2167
2175 2289 2288
2290 2289 2385
2289 2385 2384
2386 2385 2475
2174 2288 2287
2289 2288 2384
2288 2384 2383
2385 2384 2474
2385 2475 2474
2476 2475 2566
2475 2566 2565
2567 2566 2658
2384 2474 2383
2475 2474 2565
2474 2383 2439
2474 2473 2530
2474 2565 2530
2566 2565 2657
2173 2287 2235
2287 2286 2348
2288 2287 2383
2287 2286 2235
2286 2235 2285
2172 2235 2223
2287 2383 2348
2383 2382 2439
2383 2382 2348
2382 2348 2359
2286 2348 2285
2348 2285 2337
2348 2347 2359
2235 2234 2223
2234 2223 2233
2235 2234 2285
2171 2223 2222
2170 2222 2221
2223 2222 2233
2222 2233 2232
2234 2233 2284
2234 2285 2284
2285 2284 2337
2233 2284 2283
2168 2221 2231
2222 2221 2232
2221 2232 2231
2233 2232 2283
2168 2231 2230
2232 2231 2282
2232 2283 2282
2284 2283 2336
2231 2282 2281
2283 2282 2335
2348 2347 2337
2347 2337 2346
2284 2337 2336
2382 2381 2359
2381 2359 2380
2381 2380 2428
2382 2381 2438
2347 2359 2358
2283 2336 2335
2337 2336 2346
2336 2346 2345
2347 2346 2358
2282 2335 2281
2336 2335 2345
2335 2281 2344
2335 2345 2344
2346 2345 2357
2346 2358 2357
2359 2358 2380
2358 2380 2379
2345 2357 2344
2358 2357 2379
2357 2344 2378
2357 2379 2378
2380 2379 2427
2474 2473 2439
2473 2439 2472
2382 2439 2438
2565 2564 2530
2564 2530 2563
2564 2563 2619
2565 2564 2656
2473 2530 2529
2381 2438 2428
2439 2438 2472
2438 2437 2450
2438 2472 2450
2472 2471 2518
2473 2472 2529
2438 2437 2428
2437 2428 2436
2380 2428 2427
2379 2427 2426
2428 2427 2436
2427 2436 2435
2437 2436 2449
2472 2471 2450
2471 2450 2470
2437 2450 2449
2436 2449 2448
2450 2449 2470
2449 2470 2469
2471 2470 2517
2472 2529 2518
2529 2528 2563
2530 2529 2563
2529 2528 2518
2528 2518 2527
2528 2527 2541
2471 2518 2517
2470 2517 2516
2518 2517 2527
2517 2527 2526
2528 2563 2541
2563 2562 2541
2562 2541 2561
2562 2561 2608
2563 2562 2618
2527 2541 2540
1393 1466 1465
1467 1466 1526
1466 1526 1525
1527 1526 1588
1392 1465 1464
1466 1465 1525
1465 1525 1524
1526 1525 1587
1526 1588 1587
1589 1588 1654
1525 1587 1586
1588 1587 1653
1588 1654 1653
1587 1653 1652
1654 1653 1747
1654 1749 1748
1654 1748 1747
1749 1748 1849
1748 1747 1848
1749 1850 1849
1851 1850 1944
1748 1849 1848
1850 1849 1943
1653 1747 1746
1747 1848 1847
1849 1848 1942
1747 1847 1846
1847 1846 1941
1848 1847 1941
1391 1464 1463
1465 1464 1524
1464 1524 1523
1525 1524 1586
1390 1463 1462
1464 1463 1523
1463 1523 1522
1524 1523 1585
1524 1586 1585
1587 1586 1652
1523 1585 1584
1586 1585 1651
1586 1652 1651
1653 1652 1746
1585 1651 1584
1652 1651 1745
1651 1584 1650
1652 1746 1745
1747 1746 1846
1746 1846 1845
1651 1745 1744
1746 1745 1845
1745 1845 1844
1846 1845 2032
1850 1944 1943
1945 1944 2037
1944 2037 2036
2038 2037 2104
1849 1943 1942
1944 1943 2036
1943 2036 2035
2037 2036 2103
2037 2104 2103
2105 2104 2167
2104 2167 2166
2168 2167 2230
2036 2103 2102
2104 2103 2166
2103 2166 2165
2167 2166 2229
1848 1942 1941
1943 1942 2035
1942 2035 2034
2036 2035 2102
1846 1941 2033
1942 1941 2034
1941 2034 2033
2035 2034 2101
2035 2102 2101
2103 2102 2165
2102 2165 2164
2166 2165 2228
2034 2101 2033
2102 2101 2164
2101 2033 2163
2101 2164 2163
2164 2163 2227
2165 2164 2227
1846 2033 2032
2033 2163 2162
1845 2032 1844
2033 2032 2162
2032 1844 2031
2032 2162 2161
2163 2162 2276
1389 1462 1461
1463 1462 1522
1388 1461 1460
1462 1461 1521
1462 1522 1521
1523 1522 1584
1461 1521 1520
1522 1521 1583
1522 1584 1583
1584 1583 1650
1521 1583 1520
1583 1520 1582
1583 1582 1650
1387 1460 1459
1461 1460 1520
1386 1459 1458
1460 1459 1519
1385 1458 1457
1459 1458 1518
1383 1457 1516
1458 1457 1517
1460 1520 1519
1520 1519 1582
1459 1519 1518
1519 1518 1582
1458 1518 1517
1518 1517 1581
1457 1517 1516
1518 1582 1581
1582 1581 1649
1517 1581 1580
1582 1650 1649
1651 1650 1744
1581 1649 1580
1650 1649 1743
1649 1580 1648
1650 1744 1743
1745 1744 1844
1649 1743 1648
1744 1743 1843
1743 1648 1842
1744 1844 1843
1844 1843 2031
1743 1843 1842
1381 1516 1579
1517 1516 1580
1516 1580 1579
1580 1579 1648
1381 1579 1578
1579 1648 1578
1648 1578 1647
1648 1647 1842
1380 1578 1577
1578 1577 1647
1379 1577 1378
1577 1378 1646
1577 1647 1646
1647 1842 1646
1843 1842 2030
1842 1646 1841
1843 2031 2030
2032 2031 2161
2031 2161 2160
2162 2161 2275
1842 2030 2029
2031 2030 2160
2030 2160 2159
2161 2160 2274
2167 2230 2229
2231 2230 2281
2230 2281 2280
2166 2229 2228
2230 2229 2280
2229 2280 2279
2281 2280 2343
2281 2344 2343
2280 2343 2342
2344 2343 2377
2344 2378 2377
2378 2377 2426
2379 2378 2426
2343 2377 2376
2165 2228 2227
2229 2228 2279
2228 2279 2278
2280 2279 2342
2163 2227 2277
2228 2227 2278
2227 2278 2277
2279 2278 2341
2279 2342 2341
2343 2342 2376
2342 2376 2375
2377 2376 2433
2278 2341 2277
2342 2341 2375
2341 2277 2374
2341 2375 2374
2375 2374 2432
2376 2375 2432
2163 2277 2276
2162 2276 2275
2277 2276 2373
2277 2374 2373
2276 2373 2372
2374 2373 2464
2377 2426 2434
2427 2426 2435
2426 2435 2434
2435 2434 2448
2436 2435 2448
2377 2434 2433
2434 2448 2468
2449 2448 2469
2448 2469 2468
2470 2469 2516
2434 2468 2467
2469 2468 2515
2469 2516 2515
2517 2516 2526
2516 2526 2525
2527 2526 2540
2468 2515 2467
2516 2515 2525
2515 2467 2524
2515 2525 2524
2526 2525 2539
2526 2540 2539
2541 2540 2561
2540 2561 2560
2525 2539 2524
2540 2539 2560
2539 2524 2559
2539 2560 2559
2561 2560 2607
2376 2433 2432
2434 2433 2467
2433 2467 2466
2374 2432 2465
2433 2432 2466
2432 2466 2465
2467 2466 2523
2467 2524 2523
2466 2523 2465
2524 2523 2558
2523 2465 2556
2524 2559 2558
2559 2558 2606
2560 2559 2606
2523 2558 2557
2374 2465 2464
2523 2557 2556
2558 2557 2613
2465 2556 2555
2556 2555 2612
2557 2556 2612
2373 2464 2463
2465 2464 2555
2464 2555 2554
2555 2554 2646
2161 2275 2274
2276 2275 2372
2160 2274 2273
2275 2274 2371
2275 2372 2371
2373 2372 2463
2274 2371 2370
2372 2371 2462
2372 2463 2462
2464 2463 2554
2463 2554 2553
2371 2462 2461
2463 2462 2553
2462 2553 2552
2554 2553 2644
770 1378 769
1378 769 1377
769 1377 768
1377 768 1376
1378 1377 1645
768 1376 767
1376 767 1375
1377 1376 1644
767 1375 766
1375 766 1374
1376 1375 1643
766 1374 765
1374 765 1373
1375 1374 1642
765 1373 764
1373 764 1372
1374 1373 1641
764 1372 763
1372 763 1371
1373 1372 1640
1378 1646 1645
1646 1645 1841
1377 1645 1644
1645 1841 1840
1842 1841 2029
1376 1644 1643
1645 1644 1840
1644 1840 1839
1841 1840 2028
1375 1643 1642
1644 1643 1839
1643 1839 1838
1840 1839 2027
1374 1642 1641
1643 1642 1838
1642 1838 1837
1839 1838 2026
1841 2029 2028
2030 2029 2159
2029 2159 2158
2160 2159 2273
1840 2028 2027
2029 2028 2158
2028 2158 2157
2159 2158 2272
1839 2027 2026
2028 2027 2157
1838 2026 2025
2027 2026 2156
2027 2157 2156
2158 2157 2271
2026 2156 2155
2157 2156 2270
2159 2273 2272
2274 2273 2370
2158 2272 2271
2273 2272 2369
2273 2370 2369
2371 2370 2461
2272 2369 2368
2370 2369 2460
2157 2271 2270
2272 2271 2368
2156 2270 2269
2271 2270 2367
2271 2368 2367
2369 2368 2459
2270 2367 2366
2368 2367 2458
2370 2461 2460
2462 2461 2552
2369 2460 2459
2461 2460 2551
2461 2552 2551
2553 2552 2643
2460 2551 2550
2552 2551 2642
2368 2459 2458
2460 2459 2550
2367 2458 2457
2459 2458 2549
2459 2550 2549
2551 2550 2641
2458 2549 2548
2550 2549 2640
1373 1641 1640
1642 1641 1837
1641 1837 1836
1838 1837 2025
1372 1640 1639
1641 1640 1836
1640 1836 1835
1837 1836 2024
1837 2025 2024
2026 2025 2155
2025 2155 2154
2156 2155 2269
1836 2024 2023
2025 2024 2154
2024 2154 2153
2155 2154 2268
2155 2269 2268
2270 2269 2366
2269 2366 2365
2367 2366 2457
2154 2268 2267
2269 2268 2365
2268 2365 2364
2366 2365 2456
2366 2457 2456
2458 2457 2548
2365 2456 2455
2457 2456 2547
2457 2548 2547
2549 2548 2639
2456 2547 2546
2548 2547 2638
763 1371 762
1371 762 1370
1372 1371 1639
762 1370 761
1371 1370 1638
1371 1639 1638
1640 1639 1835
1639 1835 1834
1836 1835 2023
1639 1638 1834
1835 1834 2022
1835 2023 2022
2024 2023 2153
2023 2153 2152
2154 2153 2267
2023 2022 2152
2153 2152 2266
2153 2267 2266
2268 2267 2364
2267 2364 2363
2365 2364 2455
2267 2266 2363
2364 2363 2454
2364 2455 2454
2456 2455 2546
2455 2546 2545
2547 2546 2637
2455 2454 2545
2546 2545 2636
2574 2666 2665
2573 2665 2664
2666 2665 2785
2572 2664 2663
2665 2664 2784
2571 2663 2662
2664 2663 2783
2666 2786 2785
2665 2785 2784
2786 2785 2932
2664 2784 2783
2785 2784 2931
2663 2783 2782
2784 2783 2930
2570 2662 2661
2663 2662 2782
2569 2661 2660
2662 2661 2781
2568 2660 2659
2661 2660 2780
2567 2659 2658
2660 2659 2779
2662 2782 2781
2783 2782 2929
2661 2781 2780
2782 2781 2928
2660 2780 2779
2781 2780 2927
2659 2779 2778
2780 2779 2926
2786 2933 2932
2785 2932 2931
2933 2932 3062
2784 2931 2930
2932 2931 3061
2783 2930 2929
2931 2930 3060
2782 2929 2928
2930 2929 3059
2781 2928 2927
2929 2928 3058
2780 2927 2926
2927 2926 3014
2928 2927 3057
2779 2926 2925
2933 3063 3062
2932 3062 3061
3063 3062 3114
2931 3061 3060
3062 3061 3113
2930 3060 3059
3061 3060 3112
2929 3059 3058
3060 3059 3111
2928 3058 3057
3059 3058 3110
2927 3057 3014
3058 3057 3109
3057 3056 3014
3056 3014 3055
3057 3056 3108
2926 3014 3013
2566 2658 2657
2659 2658 2778
2565 2657 2656
2658 2657 2777
2658 2778 2777
2779 2778 2925
2657 2777 2776
2778 2777 2924
2564 2656 2619
2657 2656 2776
2656 2655 2619
2655 2619 2654
2655 2654 2725
2656 2655 2775
2563 2619 2618
2562 2618 2608
2619 2618 2654
2618 2617 2631
2618 2654 2631
2656 2776 2775
2776 2775 2923
2777 2776 2923
2655 2775 2725
2775 2774 2852
2775 2774 2725
2774 2725 2773
2654 2725 2653
2725 2653 2702
2618 2617 2608
2617 2608 2616
2561 2608 2607
2560 2607 2606
2608 2607 2616
2607 2616 2615
2617 2616 2630
2654 2653 2631
2653 2631 2652
2653 2652 2702
2617 2631 2630
2616 2630 2629
2631 2630 2652
2630 2652 2651
2558 2606 2614
2607 2606 2615
2606 2615 2614
2616 2615 2629
2558 2614 2613
2615 2614 2628
2615 2629 2628
2630 2629 2651
2629 2651 2650
2652 2651 2701
2614 2628 2613
2629 2628 2650
2628 2613 2649
2628 2650 2649
2651 2650 2700
2725 2724 2702
2724 2702 2723
2724 2723 2749
2725 2724 2773
2652 2702 2701
2651 2701 2700
2702 2701 2723
2701 2723 2722
2650 2700 2699
2701 2700 2722
2700 2722 2721
2723 2722 2748
2724 2773 2749
2773 2772 2851
2774 2773 2851
2773 2772 2749
2772 2749 2771
2772 2771 2826
2723 2749 2748
2722 2748 2747
2749 2748 2771
2748 2771 2770
2557 2613 2612
2555 2612 2647
2613 2612 2648
2613 2649 2648
2649 2648 2699
2650 2649 2699
2612 2648 2647
2648 2647 2719
2555 2647 2646
2648 2699 2720
2700 2699 2721
2699 2721 2720
2722 2721 2747
2648 2720 2719
2721 2720 2746
2721 2747 2746
2748 2747 2770
2747 2770 2769
2771 2770 2825
2720 2746 2745
2747 2746 2769
2746 2769 2768
2770 2769 2824
2647 2719 2718
2719 2718 2745
2720 2719 2745
2647 2718 2717
2718 2717 2766
2718 2745 2767
2746 2745 2768
2745 2768 2767
2769 2768 2823
2718 2767 2766
2768 2767 2822
2554 2646 2645
2647 2646 2717
2554 2645 2644
2646 2645 2716
2646 2717 2716
2717 2766 2765
2767 2766 2821
2717 2765 2764
2765 2764 2820
2766 2765 2820
2645 2716 2715
2717 2716 2764
2716 2764 2763
2553 2644 2643
2645 2644 2715
2644 2715 2714
2716 2715 2763
2715 2763 2762
2764 2763 2842
2778 2925 2924
2926 2925 3013
2777 2924 2923
2925 2924 3012
2775 2923 2852
2924 2923 3011
2923 2922 2852
2922 2852 2921
2923 2922 3010
2774 2852 2851
2772 2851 2826
2852 2851 2921
2851 2850 2826
2850 2826 2849
2851 2850 2920
2850 2849 2887
2771 2826 2825
2851 2921 2920
2922 2921 3009
2850 2920 2887
2920 2919 3008
2921 2920 3008
2770 2825 2824
2826 2825 2849
2825 2849 2848
2769 2824 2823
2825 2824 2848
2824 2848 2847
2849 2848 2886
2920 2919 2887
2919 2887 2918
2919 2918 3007
2849 2887 2886
2848 2886 2885
2887 2886 2918
2886 2918 2917
2918 2917 2978
2768 2823 2822
2824 2823 2847
2823 2847 2846
2848 2847 2885
2767 2822 2821
2823 2822 2846
2822 2846 2845
2847 2846 2884
2847 2885 2884
2886 2885 2917
2885 2917 2916
2846 2884 2883
2885 2884 2916
2884 2916 2915
2917 2916 2977
2766 2821 2820
2822 2821 2845
2764 2820 2843
2821 2820 2844
2821 2845 2844
2846 2845 2883
2820 2844 2843
2845 2844 2882
2845 2883 2882
2884 2883 2915
2883 2915 2914
2916 2915 2976
2844 2882 2881
2883 2882 2914
2882 2914 2913
2915 2914 2975
2764 2843 2842
2844 2843 2881
2843 2881 2880
2882 2881 2913
2881 2913 2912
2914 2913 2974
2763 2842 2841
2843 2842 2880
2842 2880 2879
2881 2880 2912
2880 2912 2911
2913 2912 2973
2925 3013 3012
3014 3013 3055
2924 3012 3011
3013 3012 3054
2923 3011 3010
3012 3011 3053
2922 3010 3009
3011 3010 3052
2921 3009 3008
3010 3009 3051
2919 3008 3007
3009 3008 3050
2918 3007 2978
3007 3006 3049
3008 3007 3049
3007 3006 2978
3006 2978 3005
3006 3005 3048
2917 2978 2977
2916 2977 2976
2978 2977 3005
2977 3005 3004
3005 3004 3048
2915 2976 2975
2977 2976 3004
2976 3004 3003
3004 3003 3047
2914 2975 2974
2976 2975 3003
2975 3003 3002
2913 2974 2973
2975 2974 3002
2974 3002 3001
3003 3002 3046
2912 2973 2972
2974 2973 3001
2973 3001 3000
3002 3001 3045
3013 3055 3054
3056 3055 3107
3012 3054 3053
3055 3054 3106
3011 3053 3052
3054 3053 3105
3010 3052 3051
3052 3051 3104
3053 3052 3104
3009 3051 3050
3051 3050 3103
3008 3050 3049
3050 3049 3103
3006 3049 3048
3049 3048 3102
3004 3048 3047
3048 3047 3102
3003 3047 3046
3047 3046 3101
3002 3046 3045
3001 3045 3044
3046 3045 3100
3063 3115 3114
3062 3114 3113
3115 3114 3163
3061 3113 3112
3114 3113 3162
3060 3112 3111
3113 3112 3161
3115 3164 3163
3164 3163 3203
3204 3164 3203
3114 3163 3162
3163 3162 3203
3113 3162 3161
3162 3161 3202
3112 3161 3160
3161 3160 3202
3059 3111 3110
3112 3111 3160
3058 3110 3109
3111 3110 3159
3057 3109 3108
3110 3109 3158
3056 3108 3107
3109 3108 3157
3111 3160 3159
3160 3159 3201
3110 3159 3158
3159 3158 3201
3109 3158 3157
3158 3157 3200
3108 3157 3156
3157 3156 3200
3055 3107 3106
3108 3107 3156
3054 3106 3105
3107 3106 3155
3053 3105 3104
3106 3105 3154
3051 3104 3103
3105 3104 3153
3049 3103 3102
3104 3103 3152
3047 3102 3101
3103 3102 3151
3046 3101 3100
3102 3101 3150
3045 3100 3099
3101 3100 3149
3107 3156 3155
3156 3155 3199
3106 3155 3154
3155 3154 3199
3105 3154 3153
3154 3153 3198
3104 3153 3152
3153 3152 3198
3103 3152 3151
3152 3151 3197
3102 3151 3150
3151 3150 3197
3101 3150 3149
3150 3149 3196
3100 3149 3148
3162 3203 3202
3203 3202 3226
3227 3203 3226
3160 3202 3201
3202 3201 3226
3158 3201 3200
3201 3200 3225
3156 3200 3199
3200 3199 3225
3154 3199 3198
3199 3198 3224
3152 3198 3197
3198 3197 3224
3150 3197 3196
3197 3196 3223
3149 3196 3148
3196 3148 3195
3201 3226 3225
3199 3225 3224
3226 3225 3242
3226 3243 3242
3243 3242 3256
3257 3243 3256
3225 3242 3241
3242 3241 3256
3197 3224 3223
3225 3224 3241
3196 3223 3195
3224 3223 3240
3223 3195 3222
3224 3241 3240
3241 3240 3255
3223 3240 3239
3241 3256 3255
3240 3255 3239
3256 3255 3264
3255 3239 3254
3256 3265 3264
3265 3264 3272
3273 3265 3272
3255 3264 3263
3264 3263 3272
2552 2643 2642
2644 2643 2714
2551 2642 2641
2643 2642 2713
2550 2641 2640
2642 2641 2712
2549 2640 2639
2641 2640 2711
2548 2639 2638
2640 2639 2710
2547 2638 2637
2639 2638 2709
2643 2714 2713
2715 2714 2762
2642 2713 2712
2714 2713 2761
2641 2712 2711
2713 2712 2760
2640 2711 2710
2712 2711 2759
2714 2762 2761
2763 2762 2841
2713 2761 2760
2762 2761 2840
2712 2760 2759
2761 2760 2839
2711 2759 2758
2760 2759 2838
2639 2710 2709
2711 2710 2758
2638 2709 2708
2710 2709 2757
2710 2758 2757
2759 2758 2837
2709 2757 2756
2758 2757 2836
2762 2841 2840
2842 2841 2879
2761 2840 2839
2841 2840 2878
2760 2839 2838
2840 2839 2877
2759 2838 2837
2839 2838 2876
2758 2837 2836
2838 2837 2875
2757 2836 2835
2837 2836 2874
2841 2879 2878
2880 2879 2911
2840 2878 2877
2879 2878 2910
2839 2877 2876
2878 2877 2909
2838 2876 2875
2877 2876 2908
2879 2911 2910
2912 2911 2972
2878 2910 2909
2911 2910 2971
2877 2909 2908
2910 2909 2970
2876 2908 2907
2909 2908 2969
2837 2875 2874
2876 2875 2907
2836 2874 2873
2875 2874 2906
2875 2907 2906
2908 2907 2968
2874 2906 2905
2907 2906 2967
2911 2972 2971
2973 2972 3000
2910 2971 2970
2972 2971 2999
2909 2970 2969
2971 2970 2998
2908 2969 2968
2970 2969 2997
2972 3000 2999
3001 3000 3044
2971 2999 2998
3000 2999 3043
2970 2998 2997
2999 2998 3042
2969 2997 2996
2998 2997 3041
2907 2968 2967
2969 2968 2996
2906 2967 2966
2968 2967 2995
2968 2996 2995
2997 2996 3040
2967 2995 2994
2996 2995 3039
3000 3044 3043
3045 3044 3099
2999 3043 3042
3044 3043 3098
2998 3042 3041
3043 3042 3097
2997 3041 3040
3042 3041 3096
2996 3040 3039
3041 3040 3095
2995 3039 3038
3040 3039 3094
3044 3099 3098
3100 3099 3148
3043 3098 3097
3099 3098 3147
3042 3097 3096
3098 3097 3146
3041 3096 3095
3097 3096 3145
3040 3095 3094
3096 3095 3144
3039 3094 3093
3095 3094 3143
3099 3148 3147
3148 3147 3195
3098 3147 3146
3147 3146 3195
3097 3146 3145
3146 3145 3194
3096 3145 3144
3095 3144 3143
3145 3144 3193
3094 3143 3142
3144 3143 3192
3146 3195 3194
3195 3194 3222
3145 3194 3193
3194 3193 3222
3144 3193 3192
3193 3192 3221
3143 3192 3191
3193 3222 3221
3223 3222 3239
3192 3221 3220
3222 3221 3238
3222 3239 3238
3239 3238 3254
3221 3238 3237
3238 3237 3254
2546 2637 2636
2638 2637 2708
2637 2708 2707
2709 2708 2756
2708 2756 2755
2757 2756 2835
2756 2835 2834
2836 2835 2873
2835 2873 2872
2874 2873 2905
2873 2905 2904
2906 2905 2966
2905 2966 2965
2967 2966 2994
2966 2994 2993
2995 2994 3038
2994 3038 3037
3039 3038 3093
3038 3093 3092
3094 3093 3142
3093 3142 3141
3143 3142 3191
3142 3191 3190
3192 3191 3220
2637 2636 2707
2708 2707 2755
2756 2755 2834
2835 2834 2872
2873 2872 2904
2905 2904 2965
2966 2965 2993
2994 2993 3037
3038 3037 3092
3093 3092 3141
3142 3141 3190
3191 3190 3219
3191 3220 3219
3221 3220 3237
3220 3219 3236
3220 3237 3236
3237 3236 3253
3237 3254 3253
3255 3254 3263
3254 3263 3262
3263 3262 3271
3254 3253 3262
3263 3272 3271
3272 3277 3276
3272 3271 3276
3277 3276 3281
3277 3282 3281
3282 3287 3286
3282 3281 3286
3287 3286 3291
3287 3292 3291
3292 3297 3296
3292 3291 3296
3297 3296 3301
3297 3302 3301
3302 3307 3306
3302 3301 3306
3307 3306 3311
3307 3312 3311
3312 3317 3316
3312 3311 3316
3317 3316 3321
3317 3322 3321
3322 3327 3326
3322 3321 3326
864 782 865
783 782 865
881 799 882
800 799 882
1200 1265 1199
1329 1265 1330
1266 1265 1330
1264 1265 1199
1401 1330 1402
1331 1330 1402
1474 1402 1475
1403 1402 1475
1534 1475 1535
1476 1475 1535
1136 1199 1135
1198 1199 1135
1072 1135 1071
1134 1135 1071
1008 1071 1007
1070 1071 1007
945 1007 944
1006 1007 944
883 944 882
943 944 882
949 1011 948
1074 1011 1075
1012 1011 1075
1010 1011 948
1140 1203 1139
1268 1203 1269
1204 1203 1269
1202 1203 1139
1076 1139 1075
1138 1139 1075
885 803 886
804 803 886
947 886 948
887 886 948
32 33 57
31 30 54
31 55 54
32 31 56
56 57 80
31 56 55
55 54 76
55 77 76
56 55 78
78 79 104
55 78 77
77 76 101
77 102 101
56 78 79
79 80 105
32 56 57
56 79 80
78 77 103
77 103 102
102 101 132
102 133 132
103 102 134
134 135 173
102 134 133
133 132 170
133 171 170
103 134 135
135 136 174
78 103 104
104 105 138
103 135 136
103 104 136
136 137 175
104 136 137
137 138 176
134 133 172
172 173 218
133 172 171
171 170 215
171 216 215
134 172 173
173 174 219
172 171 217
217 218 272
171 217 216
216 215 269
216 270 269
172 217 218
218 219 273
217 216 271
271 272 314
216 271 270
270 269 311
270 312 311
217 271 272
272 273 315
271 270 313
313 314 356
270 313 312
312 311 353
312 354 353
271 313 314
314 315 357
313 312 355
355 356 397
312 355 354
354 353 394
354 395 394
313 355 356
356 357 398
355 354 396
396 397 420
354 396 395
395 394 417
395 418 417
355 396 397
397 398 421
396 395 419
419 420 440
395 419 418
418 417 437
418 438 437
396 419 420
420 421 441
419 418 439
439 440 479
418 439 438
438 437 476
438 477 476
439 438 478
419 439 440
440 441 480
439 478 479
135 173 174
173 218 219
219 220 274
136 174 175
175 176 222
174 219 220
174 175 220
175 220 221
218 272 273
273 274 316
272 314 315
315 316 358
314 356 357
357 358 399
356 397 398
398 399 422
397 420 421
421 422 442
420 440 441
441 442 481
440 479 480
219 273 274
274 275 317
273 315 316
316 317 359
315 357 358
358 359 400
220 274 275
220 221 275
275 276 318
221 275 276
276 277 319
274 316 317
317 318 360
275 317 318
318 319 361
316 358 359
359 360 401
317 359 360
360 361 402
357 398 399
399 400 423
398 421 422
422 423 443
421 441 442
442 443 482
441 480 481
358 399 400
400 401 424
359 400 401
401 402 425
399 422 423
423 424 444
400 423 424
424 425 445
422 442 443
443 444 483
442 481 482
423 443 444
444 445 484
443 482 483
79 104 105
104 137 138
137 175 176
175 221 222
221 276 277
221 222 277
277 278 320
222 277 278
276 318 319
319 320 362
277 319 320
318 360 361
361 362 403
319 361 362
360 401 402
402 403 426
401 424 425
425 426 446
424 444 445
445 446 485
444 483 484
361 402 403
402 425 426
425 445 446
445 484 485
32 33 4
32 4 3
32 31 3
438 478 477
31 3 30
30 29 2
30 29 53
30 54 53
54 76 75
54 75 74
76 75 100
54 53 74
75 74 99
76 101 100
101 100 130
101 132 131
101 131 130
132 131 169
75 100 99
100 130 129
131 130 168
100 129 128
130 129 167
132 170 169
131 169 168
170 169 214
170 215 214
169 214 213
215 214 268
215 269 268
214 268 267
269 268 310
269 311 310
268 310 309
311 310 352
311 353 352
310 352 351
353 352 393
353 394 393
352 393 392
394 393 416
394 417 416
393 416 415
417 416 436
417 437 436
437 476 475
416 436 435
437 436 475
436 475 474
130 168 167
169 168 213
168 167 212
168 213 212
214 213 267
129 167 166
167 212 211
212 211 265
213 212 266
167 211 210
211 210 263
213 267 266
268 267 309
267 309 308
310 309 351
309 351 350
352 351 392
351 392 391
393 392 415
392 415 414
416 415 435
415 435 434
436 435 474
435 474 473
212 266 265
267 266 308
266 308 307
309 308 350
308 350 349
351 350 391
211 265 264
266 265 307
211 264 263
265 264 306
265 307 306
308 307 349
264 306 305
307 306 348
307 349 348
350 349 390
306 348 347
349 348 389
350 391 390
392 391 414
391 414 413
415 414 434
414 434 433
435 434 473
434 473 472
349 390 389
391 390 413
348 389 388
390 389 412
390 413 412
414 413 433
389 412 411
413 412 432
413 433 432
434 433 472
433 472 471
412 432 431
433 432 471
432 471 470
100 99 128
129 128 166
167 166 210
210 263 262
264 263 305
263 262 304
263 305 304
306 305 347
305 304 346
305 347 346
348 347 388
347 346 387
347 388 387
389 388 411
388 411 410
412 411 431
411 431 430
432 431 470
431 470 469
388 387 410
411 410 430
431 430 469
3 30 2
34 35 59
35 36 60
34 35 8
58 59 83
34 58 59
59 60 84
82 83 108
58 82 83
83 84 109
36 37 61
35 59 60
60 61 85
36 60 61
61 62 86
59 83 84
84 85 110
60 84 85
85 86 111
37 38 22
37 61 62
62 63 87
61 85 86
86 87 112
62 86 87
87 88 113
38 22 39
63 64 44
63 87 88
63 64 88
88 89 114
64 88 89
82 107 108
141 142 180
107 141 142
107 108 142
142 143 181
108 142 143
143 144 182
179 180 227
141 179 180
180 181 228
142 180 181
181 182 229
226 227 283
179 226 227
227 228 284
180 227 228
228 229 285
282 283 325
226 282 283
227 283 284
284 285 369
324 325 367
282 324 325
283 284 325
324 366 367
367 368 491
284 325 368
325 367 368
368 369 492
367 490 491
83 108 109
108 143 144
108 109 144
144 145 183
109 144 145
145 146 184
84 109 110
110 111 148
109 145 146
109 110 146
146 147 185
110 146 147
147 148 186
143 181 182
182 183 230
144 182 183
181 228 229
229 230 286
182 229 230
230 231 287
228 284 285
285 286 370
229 285 286
286 287 371
284 368 369
369 370 493
285 369 370
370 371 494
368 491 492
369 492 493
145 183 184
183 230 231
183 184 231
231 232 288
184 231 232
232 233 289
146 184 185
184 232 233
184 185 233
233 234 290
185 233 234
234 235 291
230 286 287
287 288 372
231 287 288
288 289 373
286 370 371
371 372 495
287 371 372
372 373 496
370 493 494
371 494 495
232 288 289
289 290 374
233 289 290
290 291 375
288 372 373
373 374 497
289 373 374
374 375 498
372 495 496
373 496 497
85 110 111
111 112 149
86 111 112
112 113 150
110 147 148
111 148 149
149 150 189
87 112 113
113 114 151
112 149 150
150 151 190
88 113 114
113 150 151
147 185 186
186 187 237
185 234 235
185 186 235
235 236 292
186 235 236
236 237 293
148 186 187
148 149 187
187 188 238
149 187 188
186 236 237
237 238 294
187 237 238
238 239 295
234 290 291
291 292 376
235 291 292
292 293 377
290 374 375
375 376 499
291 375 376
376 377 500
374 497 498
375 498 499
236 292 293
293 294 378
237 293 294
294 295 379
292 376 377
377 378 501
293 377 378
378 379 502
376 499 500
377 500 501
149 188 189
189 190 241
188 238 239
188 189 239
239 240 296
189 239 240
150 189 190
189 240 241
238 294 295
295 296 380
239 295 296
296 297 381
294 378 379
379 380 503
295 379 380
380 381 504
240 296 297
240 241 297
297 298 382
241 297 298
296 380 381
297 381 382
378 501 502
379 502 503
380 503 504
38 39 41
35 8 10
35 36 12
35 10 12
34 8 6
34 5 6
366 367 407
367 490 407
490 489 407
381 504 505
381 382 505
382 506 505
37 62 44
37 38 44
62 63 44
64 45 44
38 41 44
41 45 44
36 37 19
37 22 19
14 12 19
22 20 19
14 16 19
16 20 19
36 12 19
28 1 0
28 27 7
27 7 9
28 27 51
27 9 11
28 7 0
28 52 51
27 51 50
52 51 71
52 72 71
51 71 70
72 71 96
27 26 11
27 26 50
26 11 18
26 25 18
26 25 49
25 24 43
13 15 18
26 50 49
51 50 70
25 49 48
50 49 69
50 70 69
71 70 95
49 69 68
70 69 94
25 24 21
24 21 23
24 23 40
24 40 43
25 21 18
25 48 43
49 48 68
48 47 43
48 47 67
47 46 66
47 46 43
48 68 67
69 68 93
47 67 66
68 67 92
46 66 65
67 66 91
66 65 90
72 97 96
97 96 124
71 96 95
96 95 122
97 125 124
96 124 123
125 124 162
96 123 122
124 123 161
125 163 162
124 162 161
163 162 205
123 161 160
162 161 204
163 206 205
162 205 204
206 205 257
161 204 203
205 204 256
206 258 257
205 257 256
257 256 299
258 257 299
204 256 255
258 300 299
256 299 340
300 299 341
300 342 341
342 341 383
299 341 340
341 464 383
256 340 339
341 340 463
341 464 463
464 465 383
340 463 462
70 95 94
95 94 120
95 122 121
123 122 160
95 121 120
122 121 159
69 94 93
94 120 119
121 120 158
94 119 118
120 119 157
122 160 159
161 160 203
121 159 158
160 159 202
159 158 201
160 203 202
204 203 255
159 202 201
203 202 254
203 255 254
256 255 339
202 254 253
255 254 338
255 339 338
340 339 462
254 338 337
339 338 461
339 462 461
338 461 460
120 158 157
158 157 199
158 201 200
202 201 253
158 200 199
201 200 252
119 157 156
157 156 197
157 199 198
200 199 251
157 198 197
199 198 250
201 253 252
254 253 337
200 252 251
253 252 336
253 337 336
338 337 460
252 336 335
337 336 459
337 460 459
336 459 458
199 251 250
252 251 335
198 250 249
251 250 334
251 335 334
336 335 458
250 334 333
335 334 457
335 458 457
334 457 456
68 93 92
94 93 118
67 92 91
93 92 117
93 118 117
118 117 155
119 118 156
92 117 116
66 91 90
92 91 116
91 116 115
117 116 153
91 90 115
116 115 152
118 156 155
156 197 196
198 197 249
156 196 195
197 196 248
117 155 154
156 155 195
117 154 153
155 154 194
154 153 193
155 195 194
196 195 247
154 194 193
195 194 246
197 249 248
250 249 333
196 248 247
249 248 332
249 333 332
334 333 456
248 332 331
333 332 455
333 456 455
332 455 454
195 247 246
248 247 331
194 246 245
247 246 330
247 331 330
332 331 454
246 330 329
331 330 453
331 454 453
330 453 452
116 153 152
153 193 192
194 193 245
153 192 191
192 191 243
193 192 244
153 152 191
193 245 244
246 245 329
192 244 243
245 244 328
245 329 328
330 329 452
244 328 327
329 328 451
191 243 242
244 243 327
243 242 326
243 327 326
327 326 449
328 327 450
326 448 449
329 452 451
328 451 450
327 450 449
40 42 43
46 42 43
15 17 18
21 17 18
13 11 18
